4.2249596285482054e-08
3.007466707196578e-07
3.007466707196578e-07
3.007466707196578e-07
3.4366595491757215e-07
3.4366595491757215e-07
3.4366595491757215e-07
3.4366595491757215e-07
1.4075832136612933e-07
1.4075832136612933e-07
1.4075832136612933e-07
1.4075832136612933e-07
3.870547474271931e-07
3.870547474271931e-07
3.870547474271931e-07
2.2046836550376175e-06
2.2046836550376175e-06
2.2046836550376175e-06
2.2046836550376175e-06
1.0825231766158976e-06
1.0825231766158976e-06
1.0825231766158976e-06
1.0825231766158976e-06
1.3980062660326495e-05
1.3980062660326495e-05
1.3980062660326495e-05
5.940541299496151e-06
5.940541299496151e-06
5.940541299496151e-06
5.940541299496151e-06
0.00012858792670420656
0.00012858792670420656
0.00012858792670420656
0.00012858792670420656
0.00021620275419513324
0.00021620275419513324
0.00021620275419513324
0.00021620275419513324
0.00016262627801709367
0.00016262627801709367
0.00016262627801709367
0.00030164455031903226
0.00030164455031903226
0.00030164455031903226
0.00030164455031903226
0.000546086483220001
0.000546086483220001
0.000546086483220001
0.000546086483220001
0.0009457252078979007
0.0009457252078979007
0.0009457252078979007
0.0017457525409234115
0.0017457525409234115
0.0017457525409234115
0.0017457525409234115
0.0033193066622038345
0.0033193066622038345
0.0033193066622038345
0.0033193066622038345
0.003660293904388529
0.003660293904388529
0.003660293904388529
0.0023651122600007305
0.0023651122600007305
0.0023651122600007305
0.0023651122600007305
0.0026781186797657994
0.0026781186797657994
0.0026781186797657994
0.0026781186797657994
0.005198971903458924
0.005198971903458924
0.005198971903458924
0.005198971903458924
0.009835911058939478
0.009835911058939478
0.009835911058939478
0.00995931095870947
0.00995931095870947
0.00995931095870947
0.00995931095870947
0.009532445020951803
0.009532445020951803
0.009532445020951803
0.009532445020951803
0.0328623205370248
0.0328623205370248
0.0328623205370248
0.02018380070632673
0.02018380070632673
0.02018380070632673
0.02018380070632673
0.024778343559871765
0.024778343559871765
0.024778343559871765
0.024778343559871765
0.02325995570869747
0.02325995570869747
0.02325995570869747
0.02325995570869747
0.031087175171014555
0.031087175171014555
0.031087175171014555
0.034911584472308174
0.034911584472308174
0.034911584472308174
0.034911584472308174
0.025674484735136234
0.025674484735136234
0.025674484735136234
0.025674484735136234
0.043336394457980834
0.043336394457980834
0.043336394457980834
0.042172610792524726
0.042172610792524726
0.042172610792524726
0.042172610792524726
0.03355778433011774
0.03355778433011774
0.03355778433011774
0.03355778433011774
0.03576173503010205
0.03576173503010205
0.03576173503010205
0.0405289477278719
0.0405289477278719
0.0405289477278719
0.0405289477278719
0.025326192107870876
0.025326192107870876
0.025326192107870876
0.025326192107870876
0.03752704426902661
0.03752704426902661
0.03752704426902661
0.03752704426902661
0.02984002925965819
0.02984002925965819
0.02984002925965819
0.02040933259172338
0.02040933259172338
0.02040933259172338
0.02040933259172338
0.03793091842680801
0.03793091842680801
0.03793091842680801
0.03793091842680801
0.02693536006681323
0.02693536006681323
0.02693536006681323
0.026056645340566523
0.026056645340566523
0.026056645340566523
0.026056645340566523
0.027426495118688433
0.027426495118688433
0.027426495118688433
0.027426495118688433
0.022243037100725067
0.022243037100725067
0.022243037100725067
0.02272710949873621
0.02272710949873621
0.02272710949873621
0.02272710949873621
0.023706972505282305
0.023706972505282305
0.023706972505282305
0.023706972505282305
0.020939244055276356
0.020939244055276356
0.020939244055276356
0.020939244055276356
0.011490586672068906
0.011490586672068906
0.011490586672068906
0.008417458126628174
0.008417458126628174
0.008417458126628174
0.008417458126628174
0.007148845439886292
0.007148845439886292
0.007148845439886292
0.007148845439886292
0.008315871301130623
0.008315871301130623
0.008315871301130623
0.008699231453023511
0.008699231453023511
0.008699231453023511
0.008699231453023511
0.007285593610846038
0.007285593610846038
0.007285593610846038
0.007285593610846038
0.007615987855104677
0.007615987855104677
0.007615987855104677
0.007615987855104677
0.010466077056327367
0.010466077056327367
0.010466077056327367
0.011435266291597298
0.011435266291597298
0.011435266291597298
0.011435266291597298
0.010791364768754424
0.010791364768754424
0.010791364768754424
0.010791364768754424
0.00647058022728686
0.00647058022728686
0.00647058022728686
0.01244821330581863
0.01244821330581863
0.01244821330581863
0.01244821330581863
0.010613966327311644
0.010613966327311644
0.010613966327311644
0.010613966327311644
0.008841352235917288
0.008841352235917288
0.008841352235917288
0.009903624922254573
0.009903624922254573
0.009903624922254573
0.009903624922254573
0.007952782509929446
0.007952782509929446
0.007952782509929446
0.007952782509929446
0.007447595601655064
0.007447595601655064
0.007447595601655064
0.007447595601655064
0.008657081109937867
0.008657081109937867
0.008657081109937867
0.008454994915873197
0.008454994915873197
0.008454994915873197
0.008454994915873197
0.006916349001264738
0.006916349001264738
0.006916349001264738
0.006916349001264738
0.003619656857498887
0.003619656857498887
0.003619656857498887
0.0028266631010620824
0.0028266631010620824
0.0028266631010620824
0.0028266631010620824
0.0033369692399923562
0.0033369692399923562
0.0033369692399923562
0.0033369692399923562
0.0025608539564351968
0.0025608539564351968
0.0025608539564351968
0.002903745256761215
0.002903745256761215
0.002903745256761215
0.002903745256761215
0.003037162502512568
0.003037162502512568
0.003037162502512568
0.003037162502512568
0.0030926333630551268
0.0030926333630551268
0.0030926333630551268
0.0030926333630551268
0.0030461923480009155
0.0030461923480009155
0.0030461923480009155
0.003063879650665355
0.003063879650665355
0.003063879650665355
0.003063879650665355
0.0018131237141534246
0.0018131237141534246
0.0018131237141534246
0.0018131237141534246
0.0016751508717284755
0.0016751508717284755
0.0016751508717284755
0.0018794074490955984
0.0018794074490955984
0.0018794074490955984
0.0018794074490955984
0.0021658978047177017
0.0021658978047177017
0.0021658978047177017
0.0021658978047177017
0.0006106495562172931
0.0006106495562172931
0.0006106495562172931
0.0006106495562172931
0.000930303675620595
0.000930303675620595
0.000930303675620595
0.0008158439758935044
0.0008158439758935044
0.0008158439758935044
0.0008158439758935044
0.0010224082823429418
0.0010224082823429418
0.0010224082823429418
0.0010224082823429418
0.0014448468077478912
0.0014448468077478912
0.0014448468077478912
0.0010792297045457255
0.0010792297045457255
0.0010792297045457255
0.0010792297045457255
0.0011278402288484714
0.0011278402288484714
0.0011278402288484714
0.0011278402288484714
0.0009914952186924207
0.0009914952186924207
0.0009914952186924207
0.0009049489906148824
0.0009049489906148824
0.0009049489906148824
0.0009049489906148824
0.00130860444424306
0.00130860444424306
0.00130860444424306
0.00130860444424306
0.0013432741565258682
0.0013432741565258682
0.0013432741565258682
0.0013432741565258682
0.0013040231625203861
0.0013040231625203861
0.0013040231625203861
0.0008207559755817166
0.0008207559755817166
0.0008207559755817166
0.0008207559755817166
0.0008131242466545147
0.0008131242466545147
0.0008131242466545147
0.0008131242466545147
0.0008359211313862014
0.0008359211313862014
0.0008359211313862014
0.001073701897171962
0.001073701897171962
0.001073701897171962
0.001073701897171962
0.0009933888508023815
0.0009933888508023815
0.0009933888508023815
0.0009933888508023815
0.0007291177878480836
0.0007291177878480836
0.0007291177878480836
0.00026147973710819914
0.00026147973710819914
0.00026147973710819914
0.00026147973710819914
0.0002712025248639196
0.0002712025248639196
0.0002712025248639196
0.0002712025248639196
0.00033751148852970635
0.00033751148852970635
0.00033751148852970635
0.00033751148852970635
0.0003156421942252152
0.0003156421942252152
0.0003156421942252152
0.0003224353299117533
0.0003224353299117533
0.0003224353299117533
0.0003224353299117533
0.0002852403265568273
0.0002852403265568273
0.0002852403265568273
0.0002852403265568273
0.00039249743138395336
0.00039249743138395336
0.00039249743138395336
0.00037747654700935325
0.00037747654700935325
0.00037747654700935325
0.00037747654700935325
0.00043670980690133386
0.00043670980690133386
0.00043670980690133386
0.00043670980690133386
0.00036110290288396423
0.00036110290288396423
0.00036110290288396423
0.00036110290288396423
0.00033187441867564614
0.00033187441867564614
0.00033187441867564614
0.0004348694305623784
0.0004348694305623784
0.0004348694305623784
0.0004348694305623784
0.00039611311666264376
0.00039611311666264376
0.00039611311666264376
0.00039611311666264376
0.0003946666530004688
0.0003946666530004688
0.0003946666530004688
0.00035201534901397404
0.00035201534901397404
0.00035201534901397404
0.00035201534901397404
0.0003628582767924867
0.0003628582767924867
0.0003628582767924867
0.0003628582767924867
0.0003428588662290452
0.0003428588662290452
0.0003428588662290452
0.0003404666156981949
0.0003404666156981949
0.0003404666156981949
0.0003404666156981949
0.00024551303887572045
0.00024551303887572045
0.00024551303887572045
0.00024551303887572045
0.000394925341311659
0.000394925341311659
0.000394925341311659
0.000394925341311659
0.0002522309469600043
0.0002522309469600043
0.0002522309469600043
0.00017299150428124575
0.00017299150428124575
0.00017299150428124575
0.00017299150428124575
0.0002618858030131372
0.0002618858030131372
0.0002618858030131372
0.0002618858030131372
4.676824607431358e-05
4.676824607431358e-05
4.676824607431358e-05
7.936575657933332e-05
7.936575657933332e-05
7.936575657933332e-05
7.936575657933332e-05
5.648469497653284e-05
5.648469497653284e-05
5.648469497653284e-05
5.648469497653284e-05
7.769172435614848e-05
7.769172435614848e-05
7.769172435614848e-05
8.502040512282443e-05
8.502040512282443e-05
8.502040512282443e-05
8.502040512282443e-05
8.376657021036226e-05
8.376657021036226e-05
8.376657021036226e-05
8.376657021036226e-05
0.00011101792889225684
0.00011101792889225684
0.00011101792889225684
0.00011101792889225684
7.92307979907033e-05
7.92307979907033e-05
7.92307979907033e-05
0.00011360275983097505
0.00011360275983097505
0.00011360275983097505
0.00011360275983097505
0.00011351181239966543
0.00011351181239966543
0.00011351181239966543
0.00011351181239966543
0.0001205131037983311
0.0001205131037983311
0.0001205131037983311
0.00010365384301265313
0.00010365384301265313
0.00010365384301265313
0.00010365384301265313
0.00011185482301656831
0.00011185482301656831
0.00011185482301656831
0.00011185482301656831
9.307738395881571e-05
9.307738395881571e-05
9.307738395881571e-05
9.307738395881571e-05
8.427195314369515e-05
8.427195314369515e-05
8.427195314369515e-05
7.512625862504912e-05
7.512625862504912e-05
7.512625862504912e-05
7.512625862504912e-05
0.00012076256515792811
0.00012076256515792811
0.00012076256515792811
0.00012076256515792811
8.491173473239693e-05
8.491173473239693e-05
8.491173473239693e-05
7.644666882041513e-05
7.644666882041513e-05
7.644666882041513e-05
7.644666882041513e-05
7.746485015382551e-05
7.746485015382551e-05
7.746485015382551e-05
7.746485015382551e-05
7.85072371941014e-05
7.85072371941014e-05
7.85072371941014e-05
0.0001838198422891334
0.0001838198422891334
0.0001838198422891334
0.0001838198422891334
7.404364316527159e-05
7.404364316527159e-05
7.404364316527159e-05
7.404364316527159e-05
5.833316413332104e-05
5.833316413332104e-05
5.833316413332104e-05
5.833316413332104e-05
0.00012984853804553565
0.00012984853804553565
0.00012984853804553565
7.907477460103283e-05
7.907477460103283e-05
7.907477460103283e-05
7.907477460103283e-05
6.495555511187468e-05
6.495555511187468e-05
6.495555511187468e-05
6.495555511187468e-05
0.00010884941018529139
0.00010884941018529139
0.00010884941018529139
0.00010499986045667449
0.00010499986045667449
0.00010499986045667449
0.00010499986045667449
0.00013521680297121061
0.00013521680297121061
0.00013521680297121061
0.00013521680297121061
0.00011505109837603718
0.00011505109837603718
0.00011505109837603718
1.9426410426949774e-05
1.9426410426949774e-05
1.9426410426949774e-05
1.9426410426949774e-05
6.93930972919282e-05
6.93930972919282e-05
6.93930972919282e-05
6.93930972919282e-05
1.090241781886171e-05
1.090241781886171e-05
1.090241781886171e-05
1.090241781886171e-05
1.017266736270141e-05
1.017266736270141e-05
1.017266736270141e-05
1.1329304682225895e-05
1.1329304682225895e-05
1.1329304682225895e-05
1.1329304682225895e-05
1.3206182459863497e-05
1.3206182459863497e-05
1.3206182459863497e-05
1.3206182459863497e-05
1.2885763377142531e-05
1.2885763377142531e-05
1.2885763377142531e-05
1.3272515775991682e-05
1.3272515775991682e-05
1.3272515775991682e-05
1.3272515775991682e-05
7.119151363992955e-06
7.119151363992955e-06
7.119151363992955e-06
7.119151363992955e-06
1.5595687138260675e-05
1.5595687138260675e-05
1.5595687138260675e-05
1.5595687138260675e-05
1.424287874066161e-05
1.424287874066161e-05
1.424287874066161e-05
1.594259168364194e-05
1.594259168364194e-05
1.594259168364194e-05
1.594259168364194e-05
1.6694999415488976e-05
1.6694999415488976e-05
1.6694999415488976e-05
1.6694999415488976e-05
1.3467322757122252e-05
1.3467322757122252e-05
1.3467322757122252e-05
1.6072478554102746e-05
1.6072478554102746e-05
1.6072478554102746e-05
1.6072478554102746e-05
1.5215833529651008e-05
1.5215833529651008e-05
1.5215833529651008e-05
1.5215833529651008e-05
1.7909675068986745e-05
1.7909675068986745e-05
1.7909675068986745e-05
1.6330722208436424e-05
1.6330722208436424e-05
1.6330722208436424e-05
1.6330722208436424e-05
1.5024542857711742e-05
1.5024542857711742e-05
1.5024542857711742e-05
1.5024542857711742e-05
1.7433860500395583e-05
1.7433860500395583e-05
1.7433860500395583e-05
1.7433860500395583e-05
1.5454880708829634e-05
1.5454880708829634e-05
1.5454880708829634e-05
1.799280090778582e-05
1.799280090778582e-05
1.799280090778582e-05
1.799280090778582e-05
1.233970751992497e-05
1.233970751992497e-05
1.233970751992497e-05
1.233970751992497e-05
9.44846491478086e-06
9.44846491478086e-06
9.44846491478086e-06
1.560534507928351e-05
1.560534507928351e-05
1.560534507928351e-05
1.560534507928351e-05
1.4381875152498657e-05
1.4381875152498657e-05
1.4381875152498657e-05
1.4381875152498657e-05
1.0386398611773411e-05
1.0386398611773411e-05
1.0386398611773411e-05
1.2061992638109151e-05
1.2061992638109151e-05
1.2061992638109151e-05
1.2061992638109151e-05
1.5239993919662964e-05
1.5239993919662964e-05
1.5239993919662964e-05
1.5239993919662964e-05
7.785079091072764e-06
7.785079091072764e-06
7.785079091072764e-06
7.785079091072764e-06
6.680009203050833e-06
6.680009203050833e-06
6.680009203050833e-06
1.1881130392251001e-05
1.1881130392251001e-05
1.1881130392251001e-05
1.1881130392251001e-05
5.976203191938805e-06
5.976203191938805e-06
5.976203191938805e-06
5.976203191938805e-06
7.405005777611886e-06
7.405005777611886e-06
7.405005777611886e-06
1.0090545795628875e-05
1.0090545795628875e-05
1.0090545795628875e-05
1.0090545795628875e-05
1.069514351028705e-05
1.069514351028705e-05
1.069514351028705e-05
1.069514351028705e-05
4.44067142573705e-06
4.44067142573705e-06
4.44067142573705e-06
4.44067142573705e-06
1.2943551600791345e-05
1.2943551600791345e-05
1.2943551600791345e-05
8.02011166989918e-06
8.02011166989918e-06
8.02011166989918e-06
8.02011166989918e-06
1.2285633654945685e-05
1.2285633654945685e-05
1.2285633654945685e-05
1.2285633654945685e-05
8.844827809834368e-06
8.844827809834368e-06
8.844827809834368e-06
9.256999830812881e-06
9.256999830812881e-06
9.256999830812881e-06
9.256999830812881e-06
9.735377374941006e-06
9.735377374941006e-06
9.735377374941006e-06
9.735377374941006e-06
1.3261803844342046e-05
1.3261803844342046e-05
1.3261803844342046e-05
1.8748031454932565e-05
1.8748031454932565e-05
1.8748031454932565e-05
1.8748031454932565e-05
1.339892950581728e-05
1.339892950581728e-05
1.339892950581728e-05
1.339892950581728e-05
1.2388362971276252e-05
1.2388362971276252e-05
1.2388362971276252e-05
1.2388362971276252e-05
7.423023604741154e-06
7.423023604741154e-06
7.423023604741154e-06
6.5284968136232075e-06
6.5284968136232075e-06
6.5284968136232075e-06
6.5284968136232075e-06
6.941870016037727e-06
6.941870016037727e-06
6.941870016037727e-06
6.941870016037727e-06
3.4650445504822865e-06
3.4650445504822865e-06
3.4650445504822865e-06
1.2385483256596141e-06
1.2385483256596141e-06
1.2385483256596141e-06
1.2385483256596141e-06
9.738221137122882e-07
9.738221137122882e-07
9.738221137122882e-07
9.738221137122882e-07
9.990134623586952e-07
9.990134623586952e-07
9.990134623586952e-07
1.0817262390066396e-06
1.0817262390066396e-06
1.0817262390066396e-06
1.0817262390066396e-06
1.1229744365278772e-06
1.1229744365278772e-06
1.1229744365278772e-06
1.1229744365278772e-06
2.330695356380132e-06
2.330695356380132e-06
2.330695356380132e-06
2.330695356380132e-06
1.1339080808868883e-06
1.1339080808868883e-06
1.1339080808868883e-06
2.6735151543575098e-06
2.6735151543575098e-06
2.6735151543575098e-06
2.6735151543575098e-06
2.0926854257455278e-06
2.0926854257455278e-06
2.0926854257455278e-06
2.0926854257455278e-06
1.637597691239728e-06
1.637597691239728e-06
1.637597691239728e-06
1.3667115331757185e-06
1.3667115331757185e-06
1.3667115331757185e-06
1.3667115331757185e-06
1.6554577403981509e-06
1.6554577403981509e-06
1.6554577403981509e-06
1.6554577403981509e-06
1.318736486038543e-06
1.318736486038543e-06
1.318736486038543e-06
1.318736486038543e-06
2.055238886975248e-06
2.055238886975248e-06
2.055238886975248e-06
2.7079575416465925e-06
2.7079575416465925e-06
2.7079575416465925e-06
2.7079575416465925e-06
2.965257853741124e-06
2.965257853741124e-06
2.965257853741124e-06
2.965257853741124e-06
1.9313842261411165e-06
1.9313842261411165e-06
1.9313842261411165e-06
2.6722886644709293e-06
2.6722886644709293e-06
2.6722886644709293e-06
2.6722886644709293e-06
2.423962657818854e-06
2.423962657818854e-06
2.423962657818854e-06
2.423962657818854e-06
2.6611764878957077e-06
2.6611764878957077e-06
2.6611764878957077e-06
3.4392969091484755e-06
3.4392969091484755e-06
3.4392969091484755e-06
3.4392969091484755e-06
1.8939032278182899e-06
1.8939032278182899e-06
1.8939032278182899e-06
1.8939032278182899e-06
1.921764363174888e-06
1.921764363174888e-06
1.921764363174888e-06
1.921764363174888e-06
2.121588381916463e-06
2.121588381916463e-06
2.121588381916463e-06
2.673396538462378e-06
2.673396538462378e-06
2.673396538462378e-06
2.673396538462378e-06
3.3870089533458174e-06
3.3870089533458174e-06
3.3870089533458174e-06
3.3870089533458174e-06
1.738939873041136e-06
1.738939873041136e-06
1.738939873041136e-06
2.0359314878097222e-06
2.0359314878097222e-06
2.0359314878097222e-06
2.0359314878097222e-06
1.7019749759228192e-06
1.7019749759228192e-06
1.7019749759228192e-06
1.7019749759228192e-06
2.104576627078537e-06
2.104576627078537e-06
2.104576627078537e-06
2.104576627078537e-06
2.104576627078537e-06
2.104576627078537e-06
2.104576627078537e-06
2.121588381916463e-06
2.121588381916463e-06
2.121588381916463e-06
2.121588381916463e-06
2.121588381916463e-06
2.121588381916463e-06
2.121588381916463e-06
2.121588381916463e-06
1.713956265100097e-06
1.713956265100097e-06
1.713956265100097e-06
2.3113491749648206e-06
2.3113491749648206e-06
2.3113491749648206e-06
2.3113491749648206e-06
2.104576627078537e-06
2.104576627078537e-06
2.104576627078537e-06
2.104576627078537e-06
1.7019749759228192e-06
1.7019749759228192e-06
1.7019749759228192e-06
2.285809409845674e-06
2.285809409845674e-06
2.285809409845674e-06
2.285809409845674e-06
1.3041886011424673e-06
1.3041886011424673e-06
1.3041886011424673e-06
1.3041886011424673e-06
1.6298325464899899e-06
1.6298325464899899e-06
1.6298325464899899e-06
1.6298325464899899e-06
1.843348414543362e-06
1.843348414543362e-06
1.843348414543362e-06
1.3041886011424673e-06
1.3041886011424673e-06
1.3041886011424673e-06
1.3041886011424673e-06
1.3502538621723574e-06
1.3502538621723574e-06
1.3502538621723574e-06
1.3502538621723574e-06
1.7058136383224785e-06
1.7058136383224785e-06
1.7058136383224785e-06
2.0860529628954443e-06
2.0860529628954443e-06
2.0860529628954443e-06
2.0860529628954443e-06
2.001556122454336e-06
2.001556122454336e-06
2.001556122454336e-06
2.001556122454336e-06
1.8354189060086834e-06
1.8354189060086834e-06
1.8354189060086834e-06
2.1463120337383358e-06
2.1463120337383358e-06
2.1463120337383358e-06
2.1463120337383358e-06
2.3388446595765083e-06
2.3388446595765083e-06
2.3388446595765083e-06
2.3388446595765083e-06
1.2877095054767358e-06
1.2877095054767358e-06
1.2877095054767358e-06
1.2877095054767358e-06
1.6694563906809525e-06
1.6694563906809525e-06
1.6694563906809525e-06
1.594842430760635e-05
1.594842430760635e-05
1.594842430760635e-05
1.594842430760635e-05
1.7464356021038417e-06
1.7464356021038417e-06
1.7464356021038417e-06
1.7464356021038417e-06
1.9273300715521106e-06
1.9273300715521106e-06
1.9273300715521106e-06
1.7621815194248438e-06
1.7621815194248438e-06
1.7621815194248438e-06
1.7621815194248438e-06
8.879676365484763e-07
8.879676365484763e-07
8.879676365484763e-07
8.879676365484763e-07
1.3383073580748194e-06
1.3383073580748194e-06
1.3383073580748194e-06
1.6191337368946219e-06
1.6191337368946219e-06
1.6191337368946219e-06
1.6191337368946219e-06
1.1939776610237088e-06
1.1939776610237088e-06
1.1939776610237088e-06
1.1939776610237088e-06
1.7414276840003314e-06
1.7414276840003314e-06
1.7414276840003314e-06
1.7414276840003314e-06
2.1707286132218614e-06
2.1707286132218614e-06
2.1707286132218614e-06
1.725521115661307e-06
1.725521115661307e-06
1.725521115661307e-06
1.725521115661307e-06
1.5382867562765605e-06
1.5382867562765605e-06
1.5382867562765605e-06
1.5382867562765605e-06
1.2549408911802772e-06
1.2549408911802772e-06
1.2549408911802772e-06
1.6546898247313265e-06
1.6546898247313265e-06
1.6546898247313265e-06
1.6546898247313265e-06
1.691984867207594e-06
1.691984867207594e-06
1.691984867207594e-06
1.691984867207594e-06
1.3383073580748194e-06
1.3383073580748194e-06
1.3383073580748194e-06
