4.8005483010608705 12.022962432640888 20.150135688090902
4.690543861611168 10.84681896558679 18.358306209194375
4.489779651993999 9.376175197744342 13.509188213142236
4.734411624312095 10.005165557720366 14.89129862613678
4.495081247244089 9.339565425512768 14.271094893033167
4.519936599293456 9.57974135503606 14.875273434799452
4.530096490169775 9.632736282401794 14.505903194187146
4.781867576388504 10.39530536869281 15.511404450892442
4.479088852007683 9.124446482408116 15.094888728413512
4.531174453526631 9.595027924858034 14.100070734439555
4.489586905316122 9.262815743347975 13.559449020588978
4.743652373514988 10.073021214944644 16.637015004479633
4.643920645489138 9.981648384009683 14.725446376643614
4.734411624312095 10.005165557720366 14.89129862613678
4.5310009545279755 9.716345772128582 14.763033447805162
4.737086485039227 10.446156694821457 15.060411236508953
4.489586905316122 9.262815743347975 13.559449020588978
4.5310009545279755 9.716345772128582 14.763033447805162
4.690543861611168 10.87970470940352 18.501717754043476
4.781867576388504 10.39530536869281 15.511404450892442
4.399981169895714 9.181432836744515 15.033763491127573
4.389483116587274 9.175016382730611 14.757528080086047
4.768868879801984 10.439402197876124 14.690229353690563
4.743652373514988 10.073021214944644 16.637015004479633
4.734411624312095 10.005165557720366 14.89129862613678
4.781867576388504 10.39530536869281 15.511404450892442
4.646903328340931 9.732682471242024 14.49453492573276
4.808588136779072 11.213930222012607 19.18820360112429
4.5310009545279755 9.716345772128582 14.763033447805162
4.768868879801984 10.439402197876124 14.690229353690563
4.6581992080985275 10.553174909999052 15.906512386162548
4.810973362002962 11.690382869597327 19.072557545974906
4.737086485039227 10.061306581873263 15.071360049677626
4.737086485039227 10.061306581873263 15.071360049677626
4.779427349083799 10.488938573902058 16.37443922070081
4.505603769266108 9.409123242784553 14.753313497951222
4.768868879801984 10.439402197876124 14.690229353690563
4.479088852007683 9.314441372512839 14.434997338203187
4.394690164604708 9.18383004636394 15.058340064978259
4.017899210535379 8.924294877738737 12.939487483438324
4.791862729394592 10.519230386717654 15.824077096216424
4.777585378780741 10.489125440079368 17.200841469851305
4.768868879801984 10.439402197876124 14.690229353690563
4.734411624312095 10.005165557720366 14.89129862613678
4.140982366844134 8.960139826904504 13.319497605969318
4.779427349083799 10.488938573902058 16.37443922070081
4.729373069941668 10.01619908255153 15.831559296211346
4.255626554586705 9.074680401393868 13.94583513729395
4.479088852007683 9.314441372512839 14.434997338203187
4.494200207474867 9.37024597900129 14.157735181986524
4.724557491967204 9.978236495710382 14.670498104432198
4.810973362002962 11.690382869597327 19.072557545974906
4.505603769266108 9.409123242784553 14.753313497951222
4.489779651993999 9.376175197744342 13.509188213142236
4.488909202183861 9.369716443290583 14.202800280365116
4.6581992080985275 10.553174909999052 15.906512386162548
4.781867576388504 10.54044106199147 17.848831930062993
4.329589884481631 9.170267366215565 14.98080157095762
4.479088852007683 9.314441372512839 14.434997338203187
4.685012547351094 11.344326304005403 19.484407487419404
4.479088852007683 9.124446482408116 15.094888728413512
4.685450097193851 10.776395331002373 15.92124177959047
4.519936599293456 9.57974135503606 14.875273434799452
4.679160818839674 10.89610195413931 18.57058110329887
4.394690164604708 9.18383004636394 15.058340064978259
4.32283930457604 9.217670483103692 15.163834866652932
4.679160818839674 11.257651420641515 17.326526330802274
4.734411624312095 10.005165557720366 14.89129862613678
4.5344700695362885 9.74180951880481 14.691732852464083
4.32283930457604 9.217670483103692 15.163834866652932
4.372536853564869 9.25566240471195 15.228395186479482
4.157606546739261 9.068600994798324 13.732357366080798
4.642896136209287 9.72940066245075 14.110503676314138
4.479088852007683 9.314441372512839 14.434997338203187
4.781867576388504 10.54044106199147 17.848831930062993
4.642896136209287 9.72940066245075 14.110503676314138
4.494200207474867 9.37024597900129 14.157735181986524
4.530096490169775 9.632736282401794 14.505903194187146
4.724557491967204 9.978236495710382 14.670498104432198
4.648013921447027 10.705422621017986 18.094762162744335
4.743652373514988 10.073021214944644 16.637015004479633
4.791862729394592 10.519230386717654 15.824077096216424
3.7726218697591536 8.81981185089135 12.337258477790257
4.639100472415863 9.848641811137874 15.5290606354107
4.6581992080985275 10.553174909999052 15.906512386162548
4.781867576388504 10.39530536869281 15.511404450892442
4.479088852007683 9.124446482408116 15.094888728413512
4.6581992080985275 10.553174909999052 15.906512386162548
4.694121922885308 11.332085869870518 19.489150161345957
4.642896136209287 9.72940066245075 14.110503676314138
3.462784294940902 8.671660592541947 12.666900055607522
4.5344700695362885 9.74180951880481 14.691732852464083
4.505603769266108 9.409123242784553 14.753313497951222
4.32736459877932 9.150688677454381 15.359638726358076
4.682834747745387 11.664949511435228 19.00193304334172
4.5344700695362885 9.74180951880481 14.691732852464083
4.777585378780741 10.489125440079368 17.200841469851305
4.489779651993999 9.376175197744342 13.509188213142236
4.648013921447027 10.498567894460104 16.759191100646255
4.781867576388504 10.54044106199147 17.848831930062993
4.6581992080985275 10.553174909999052 15.906512386162548
4.489779651993999 9.376175197744342 13.509188213142236
4.1324240686694225 8.997000726351967 13.714662959801062
4.781867576388504 10.54044106199147 17.848831930062993
4.1324240686694225 8.997000726351967 13.714662959801062
4.768868879801984 10.439402197876124 14.690229353690563
4.811608077865391 12.891808177367027 22.81829509034856
4.690543861611168 10.87970470940352 18.501717754043476
4.679160818839674 10.825152099661294 18.141699341985372
4.32736459877932 9.145705107904131 15.374236545708776
4.648013921447027 10.498567894460104 16.759191100646255
4.6581992080985275 10.553174909999052 15.906512386162548
4.679160818839674 11.257651420641515 17.326526330802274
4.643920645489138 9.981648384009683 14.725446376643614
4.8076669852163585 12.015767867879607 20.469787072322838
4.642896136209287 9.72940066245075 14.110503676314138
4.389483116587274 9.175016382730611 14.757528080086047
4.399981169895714 9.181432836744515 15.033763491127573
4.495081247244089 9.339565425512768 14.271094893033167
4.690543861611168 10.84681896558679 18.358306209194375
4.484572603976565 9.347482518021947 13.901517914988482
4.5344700695362885 9.74180951880481 14.691732852464083
4.690543861611168 10.87970470940352 18.501717754043476
4.734411624312095 10.005165557720366 14.89129862613678
4.5344700695362885 9.74180951880481 14.691732852464083
4.666179823030492 10.691160369578482 16.911466643322033
4.690543861611168 11.397870034089166 18.154765328845787
4.394690164604708 9.18383004636394 15.058340064978259
4.6505473604611 10.785459725379466 17.047180085977573
4.642896136209287 9.72940066245075 14.110503676314138
4.505603769266108 9.409123242784553 14.753313497951222
4.685012547351094 11.344326304005403 19.484407487419404
4.737086485039227 10.446156694821457 15.060411236508953
4.489779651993999 9.376175197744342 13.509188213142236
4.505603769266108 9.409123242784553 14.753313497951222
4.372536853564869 9.25566240471195 15.228395186479482
4.743652373514988 10.073021214944644 16.637015004479633
4.152259714436904 8.93821968168844 13.197006195841315
3.2426828670174626 8.361972663814562 14.078200311716019
4.5310009545279755 9.716345772128582 14.763033447805162
4.5310009545279755 9.716345772128582 14.763033447805162
4.5344700695362885 9.74180951880481 14.691732852464083
4.690543861611168 10.87970470940352 18.501717754043476
4.682834747745387 11.664949511435228 19.00193304334172
4.489779651993999 9.376175197744342 13.509188213142236
4.532326347687975 9.442999726546532 14.047786165603448
4.768868879801984 10.439402197876124 14.690229353690563
4.642896136209287 9.72940066245075 14.110503676314138
4.484572603976565 9.347482518021947 13.901517914988482
4.5344700695362885 9.74180951880481 14.691732852464083
4.488909202183861 9.369716443290583 14.202800280365116
4.648013921447027 10.498567894460104 16.759191100646255
4.32736459877932 9.150688677454381 15.359638726358076
4.729373069941668 10.01619908255153 15.831559296211346
4.479088852007683 9.314441372512839 14.434997338203187
4.777585378780741 10.489125440079368 17.200841469851305
4.810973362002962 11.690382869597327 19.072557545974906
4.484572603976565 9.347482518021947 13.901517914988482
4.642896136209287 9.72940066245075 14.110503676314138
4.666179823030492 10.691160369578482 16.911466643322033
4.479088852007683 9.124446482408116 15.094888728413512
4.5310009545279755 9.716345772128582 14.763033447805162
4.530096490169775 9.632736282401794 14.505903194187146
4.1324240686694225 8.997000726351967 13.714662959801062
4.671875448272234 10.721972162999869 16.9146007447462
4.372536853564869 9.25566240471195 15.228395186479482
4.489586905316122 9.262815743347975 13.559449020588978
4.479088852007683 9.124446482408116 15.094888728413512
4.6505473604611 10.785459725379466 17.047180085977573
4.690543861611168 10.87970470940352 18.501717754043476
4.6581992080985275 10.553174909999052 15.906512386162548
4.648013921447027 10.705422621017986 18.094762162744335
4.781867576388504 10.54044106199147 17.848831930062993
4.648013921447027 10.498567894460104 16.759191100646255
4.359261454972361 9.141253334130251 14.467896285293097
4.530096490169775 9.632736282401794 14.505903194187146
4.682226769253079 10.845642930506864 18.06386528811447
4.394690164604708 9.18383004636394 15.058340064978259
4.489779651993999 9.376175197744342 13.509188213142236
4.671875448272234 10.721972162999869 16.9146007447462
4.639100472415863 9.848641811137874 15.5290606354107
4.32736459877932 9.150688677454381 15.359638726358076
4.737086485039227 10.446156694821457 15.060411236508953
4.5344700695362885 9.74180951880481 14.691732852464083
4.6581992080985275 10.553174909999052 15.906512386162548
4.779427349083799 10.488938573902058 16.37443922070081
4.779427349083799 10.488938573902058 16.37443922070081
4.777585378780741 10.489125440079368 17.200841469851305
4.6998040897443065 11.346620621115251 18.98995410873755
4.372536853564869 9.25566240471195 15.228395186479482
4.6581992080985275 10.553174909999052 15.906512386162548
4.737086485039227 10.446156694821457 15.060411236508953
4.648013921447027 10.705422621017986 18.094762162744335
4.768868879801984 10.439402197876124 14.690229353690563
4.779427349083799 10.488938573902058 16.37443922070081
4.639100472415863 9.848641811137874 15.5290606354107
4.399981169895714 9.181432836744515 15.033763491127573
4.193671067240148 9.045539346314255 14.617004798356454
4.389483116587274 9.175016382730611 14.757528080086047
4.34058966510521 9.214435191016989 14.753210913474883
4.648013921447027 10.705422621017986 18.094762162744335
4.791862729394592 10.519230386717654 15.824077096216424
4.648013921447027 10.705422621017986 18.094762162744335
4.505603769266108 9.409123242784553 14.753313497951222
4.479088852007683 9.124446482408116 15.094888728413512
4.643920645489138 9.981648384009683 14.725446376643614
4.690543861611168 10.84681896558679 18.358306209194375
4.394690164604708 9.18383004636394 15.058340064978259
4.679160818839674 10.998341698501633 18.56489275211403
4.394690164604708 9.18383004636394 15.058340064978259
4.643920645489138 9.981648384009683 14.725446376643614
4.666179823030492 10.691160369578482 16.911466643322033
4.791862729394592 10.519230386717654 15.824077096216424
4.5310009545279755 9.716345772128582 14.763033447805162
4.489779651993999 9.376175197744342 13.509188213142236
4.489779651993999 9.376175197744342 13.509188213142236
4.494200207474867 9.37024597900129 14.157735181986524
4.781867576388504 10.39530536869281 15.511404450892442
4.519936599293456 9.57974135503606 14.875273434799452
4.729373069941668 10.01619908255153 15.831559296211346
4.729373069941668 10.01619908255153 15.831559296211346
4.737086485039227 10.061306581873263 15.071360049677626
4.479088852007683 9.124446482408116 15.094888728413512
4.734411624312095 10.005165557720366 14.89129862613678
4.143867758757371 9.0098147686784 13.708545498396866
3.9229170217937 8.777945812510813 12.319534777062643
4.5344700695362885 9.74180951880481 14.691732852464083
4.646903328340931 9.732682471242024 14.49453492573276
4.777585378780741 10.489125440079368 17.200841469851305
4.5344700695362885 9.74180951880481 14.691732852464083
4.017899210535379 8.924294877738737 12.939487483438324
4.489779651993999 9.376175197744342 13.509188213142236
4.737086485039227 10.061306581873263 15.071360049677626
4.729373069941668 10.01619908255153 15.831559296211346
4.532326347687975 9.442999726546532 14.047786165603448
4.743652373514988 10.073021214944644 16.637015004479633
4.642896136209287 9.72940066245075 14.110503676314138
4.798106318770746 11.928536961915146 21.047729491569427
4.34058966510521 9.214435191016989 14.753210913474883
4.484572603976565 9.347482518021947 13.901517914988482
4.737086485039227 10.061306581873263 15.071360049677626
4.781867576388504 10.39530536869281 15.511404450892442
4.359261454972361 9.141253334130251 14.467896285293097
4.34058966510521 9.214435191016989 14.753210913474883
4.801982491123693 12.138815200314337 20.57770411846651
4.6505473604611 10.785459725379466 17.047180085977573
4.690543861611168 10.87970470940352 18.501717754043476
4.389483116587274 9.175016382730611 14.757528080086047
4.531174453526631 9.595027924858034 14.100070734439555
4.779427349083799 10.488938573902058 16.37443922070081
4.5344700695362885 9.74180951880481 14.691732852464083
4.530096490169775 9.632736282401794 14.505903194187146
4.779427349083799 10.488938573902058 16.37443922070081
4.743652373514988 10.073021214944644 16.637015004479633
4.694121922885308 11.332085869870518 19.489150161345957
4.6581992080985275 10.553174909999052 15.906512386162548
3.794650391372609 8.788319896723147 11.940888033687902
4.682834747745387 11.664949511435228 19.00193304334172
4.532326347687975 9.442999726546532 14.047786165603448
4.359261454972361 9.141253334130251 14.467896285293097
4.193671067240148 9.045539346314255 14.617004798356454
4.399981169895714 9.181432836744515 15.033763491127573
4.532326347687975 9.442999726546532 14.047786165603448
4.734411624312095 10.005165557720366 14.89129862613678
4.646903328340931 9.732682471242024 14.49453492573276
4.532326347687975 9.442999726546532 14.047786165603448
4.489586905316122 9.262815743347975 13.559449020588978
4.724557491967204 9.978236495710382 14.670498104432198
4.5344700695362885 9.74180951880481 14.691732852464083
4.781867576388504 10.54044106199147 17.848831930062993
4.505603769266108 9.409123242784553 14.753313497951222
4.642896136209287 9.72940066245075 14.110503676314138
4.489779651993999 9.376175197744342 13.509188213142236
4.389483116587274 9.175016382730611 14.757528080086047
4.5310009545279755 9.716345772128582 14.763033447805162
4.389483116587274 9.175016382730611 14.757528080086047
4.768868879801984 10.439402197876124 14.690229353690563
4.143867758757371 9.0098147686784 13.708545498396866
4.777585378780741 10.489125440079368 17.200841469851305
4.743652373514988 10.073021214944644 16.637015004479633
4.519936599293456 9.57974135503606 14.875273434799452
4.6581992080985275 10.553174909999052 15.906512386162548
4.679160818839674 10.825152099661294 18.141699341985372
4.777585378780741 10.489125440079368 17.200841469851305
4.32283930457604 9.217670483103692 15.163834866652932
4.6998040897443065 11.346620621115251 18.98995410873755
4.488909202183861 9.369716443290583 14.202800280365116
3.9852162555537474 8.830436963311081 12.640168526271081
4.791862729394592 10.519230386717654 15.824077096216424
4.688604415169649 11.302943432596305 19.23545209626248
4.781867576388504 10.54044106199147 17.848831930062993
4.805963281847959 12.014662552125355 21.096246755552514
4.646903328340931 9.732682471242024 14.49453492573276
4.488909202183861 9.369716443290583 14.202800280365116
4.489779651993999 9.376175197744342 13.509188213142236
4.648013921447027 10.498567894460104 16.759191100646255
4.690543861611168 10.87970470940352 18.501717754043476
4.519936599293456 9.57974135503606 14.875273434799452
4.768868879801984 10.439402197876124 14.690229353690563
4.737086485039227 10.446156694821457 15.060411236508953
3.7801476215722243 8.685313192917594 12.453144600909459
4.329589884481631 9.170267366215565 14.98080157095762
4.479088852007683 9.124446482408116 15.094888728413512
4.734411624312095 10.005165557720366 14.89129862613678
4.690543861611168 11.397870034089166 18.154765328845787
4.729373069941668 10.01619908255153 15.831559296211346
4.781867576388504 10.54044106199147 17.848831930062993
4.5310009545279755 9.716345772128582 14.763033447805162
4.255626554586705 9.074680401393868 13.94583513729395
4.505603769266108 9.409123242784553 14.753313497951222
4.639100472415863 9.848641811137874 15.5290606354107
4.6505473604611 10.785459725379466 17.047180085977573
4.685450097193851 10.776395331002373 15.92124177959047
3.1317916635343117 8.512671965918042 13.289731979110703
4.6581992080985275 10.553174909999052 15.906512386162548
4.642896136209287 9.72940066245075 14.110503676314138
4.648013921447027 10.705422621017986 18.094762162744335
4.5344700695362885 9.74180951880481 14.691732852464083
4.646903328340931 9.732682471242024 14.49453492573276
4.484572603976565 9.347482518021947 13.901517914988482
4.643920645489138 9.981648384009683 14.725446376643614
4.679160818839674 10.998341698501633 18.56489275211403
4.690543861611168 10.87970470940352 18.501717754043476
4.532326347687975 9.442999726546532 14.047786165603448
4.690543861611168 10.84681896558679 18.358306209194375
4.489586905316122 9.262815743347975 13.559449020588978
4.811608077865391 12.231152509057596 22.345242193749353
4.729373069941668 10.01619908255153 15.831559296211346
4.489779651993999 9.376175197744342 13.509188213142236
4.494200207474867 9.37024597900129 14.157735181986524
4.808588136779072 11.213930222012607 19.18820360112429
4.690543861611168 10.84681896558679 18.358306209194375
4.648013921447027 10.705422621017986 18.094762162744335
3.7801476215722243 8.685313192917594 12.453144600909459
4.5310009545279755 9.716345772128582 14.763033447805162
4.666179823030492 10.691160369578482 16.911466643322033
4.531174453526631 9.595027924858034 14.100070734439555
4.686775022643711 11.30591228021184 19.22935138537509
4.646903328340931 9.732682471242024 14.49453492573276
4.255626554586705 9.074680401393868 13.94583513729395
4.489779651993999 9.376175197744342 13.509188213142236
4.690543861611168 10.84681896558679 18.358306209194375
4.531174453526631 9.595027924858034 14.100070734439555
4.781867576388504 10.54044106199147 17.848831930062993
4.671875448272234 10.721972162999869 16.9146007447462
4.646903328340931 9.732682471242024 14.49453492573276
4.505603769266108 9.409123242784553 14.753313497951222
4.531174453526631 9.595027924858034 14.100070734439555
4.372536853564869 9.25566240471195 15.228395186479482
4.32736459877932 9.145705107904131 15.374236545708776
4.724557491967204 9.978236495710382 14.670498104432198
4.193671067240148 9.045539346314255 14.617004798356454
4.484572603976565 9.347482518021947 13.901517914988482
4.737086485039227 10.446156694821457 15.060411236508953
4.32736459877932 9.145705107904131 15.374236545708776
3.2888449263627026 8.513580988789254 13.877329230499122
4.646903328340931 9.732682471242024 14.49453492573276
4.796557864710758 12.20230772824595 22.31391840337515
4.737086485039227 10.446156694821457 15.060411236508953
4.734411624312095 10.005165557720366 14.89129862613678
4.781867576388504 10.39530536869281 15.511404450892442
4.372536853564869 9.25566240471195 15.228395186479482
4.5344700695362885 9.74180951880481 14.691732852464083
4.6581992080985275 10.553174909999052 15.906512386162548
4.6581992080985275 10.553174909999052 15.906512386162548
4.5344700695362885 9.74180951880481 14.691732852464083
4.643920645489138 9.981648384009683 14.725446376643614
4.639100472415863 9.848641811137874 15.5290606354107
4.679160818839674 11.260780197117741 18.83282338743041
4.642896136209287 9.72940066245075 14.110503676314138
4.646903328340931 9.732682471242024 14.49453492573276
4.157606546739261 9.068600994798324 13.732357366080798
4.781867576388504 10.54044106199147 17.848831930062993
4.193671067240148 9.070582361472514 14.497316913943294
4.532326347687975 9.442999726546532 14.047786165603448
4.372536853564869 9.25566240471195 15.228395186479482
4.5344700695362885 9.74180951880481 14.691732852464083
3.7726218697591536 8.81981185089135 12.337258477790257
4.484572603976565 9.347482518021947 13.901517914988482
4.157606546739261 9.068600994798324 13.732357366080798
4.777585378780741 10.489125440079368 17.200841469851305
4.806203287229903 12.034499241759214 22.034302143372646
3.3223054849312708 8.690165957210507 12.712497779146481
4.796317859328815 11.879388664091406 20.504419089451847
4.679160818839674 10.89610195413931 18.57058110329887
4.329589884481631 9.170267366215565 14.98080157095762
4.531174453526631 9.595027924858034 14.100070734439555
4.80787396286208 11.866966675452774 20.857089255279607
4.8076669852163585 12.015767867879607 20.469787072322838
4.724557491967204 9.978236495710382 14.670498104432198
4.69631352903543 11.363459268063188 19.488951591945234
4.734411624312095 10.005165557720366 14.89129862613678
4.737086485039227 10.061306581873263 15.071360049677626
4.329589884481631 9.170267366215565 14.98080157095762
4.642896136209287 9.72940066245075 14.110503676314138
4.791862729394592 10.519230386717654 15.824077096216424
4.801982491123693 12.138815200314337 20.57770411846651
4.685012547351094 11.344326304005403 19.484407487419404
4.69631352903543 11.363459268063188 19.488951591945234
4.777585378780741 10.489125440079368 17.200841469851305
4.724557491967204 9.978236495710382 14.670498104432198
4.532326347687975 9.442999726546532 14.047786165603448
4.729373069941668 10.01619908255153 15.831559296211346
4.152259714436904 8.93821968168844 13.197006195841315
4.729373069941668 10.01619908255153 15.831559296211346
4.530096490169775 9.632736282401794 14.505903194187146
4.690543861611168 10.84681896558679 18.358306209194375
4.737086485039227 10.061306581873263 15.071360049677626
4.724557491967204 9.978236495710382 14.670498104432198
4.671875448272234 10.721972162999869 16.9146007447462
4.737086485039227 10.061306581873263 15.071360049677626
4.495081247244089 9.339565425512768 14.271094893033167
4.734411624312095 10.005165557720366 14.89129862613678
4.729373069941668 10.01619908255153 15.831559296211346
4.389483116587274 9.175016382730611 14.757528080086047
4.666179823030492 10.691160369578482 16.911466643322033
4.530096490169775 9.632736282401794 14.505903194187146
4.531174453526631 9.595027924858034 14.100070734439555
4.724557491967204 9.978236495710382 14.670498104432198
4.193671067240148 9.070582361472514 14.497316913943294
4.690543861611168 10.84681896558679 18.358306209194375
4.639100472415863 9.848641811137874 15.5290606354107
4.685012547351094 11.344326304005403 19.484407487419404
4.811608077865391 12.891808177367027 22.81829509034856
4.648013921447027 10.705422621017986 18.094762162744335
4.484572603976565 9.347482518021947 13.901517914988482
4.6581992080985275 10.553174909999052 15.906512386162548
4.399981169895714 9.181432836744515 15.033763491127573
4.642896136209287 9.72940066245075 14.110503676314138
4.532326347687975 9.442999726546532 14.047786165603448
4.530096490169775 9.632736282401794 14.505903194187146
4.1324240686694225 8.997000726351967 13.714662959801062
4.489586905316122 9.262815743347975 13.559449020588978
4.193671067240148 9.070582361472514 14.497316913943294
4.642896136209287 9.72940066245075 14.110503676314138
4.648013921447027 10.705422621017986 18.094762162744335
4.642896136209287 9.72940066245075 14.110503676314138
4.690543861611168 10.87970470940352 18.501717754043476
4.505603769266108 9.409123242784553 14.753313497951222
4.646903328340931 9.732682471242024 14.49453492573276
4.530096490169775 9.632736282401794 14.505903194187146
4.488909202183861 9.369716443290583 14.202800280365116
4.679160818839674 10.89610195413931 18.57058110329887
4.372536853564869 9.25566240471195 15.228395186479482
3.717366260330318 8.626859702934993 12.283029893152621
4.505603769266108 9.409123242784553 14.753313497951222
4.34058966510521 9.214435191016989 14.753210913474883
4.666179823030492 10.691160369578482 16.911466643322033
4.648013921447027 10.498567894460104 16.759191100646255
4.781867576388504 10.54044106199147 17.848831930062993
4.690543861611168 10.84681896558679 18.358306209194375
4.335278731568729 9.208707366621455 15.189746151637133
4.532326347687975 9.442999726546532 14.047786165603448
4.791862729394592 10.519230386717654 15.824077096216424
4.734411624312095 10.005165557720366 14.89129862613678
4.729373069941668 10.01619908255153 15.831559296211346
4.489586905316122 9.262815743347975 13.559449020588978
4.489586905316122 9.262815743347975 13.559449020588978
4.531174453526631 9.595027924858034 14.100070734439555
4.32736459877932 9.145705107904131 15.374236545708776
4.643920645489138 9.981648384009683 14.725446376643614
4.494200207474867 9.37024597900129 14.157735181986524
4.6581992080985275 10.553174909999052 15.906512386162548
4.6998040897443065 11.346620621115251 18.98995410873755
4.6581992080985275 10.553174909999052 15.906512386162548
4.519936599293456 9.57974135503606 14.875273434799452
4.743652373514988 10.073021214944644 16.637015004479633
4.484572603976565 9.347482518021947 13.901517914988482
4.484572603976565 9.347482518021947 13.901517914988482
4.5310009545279755 9.716345772128582 14.763033447805162
4.743652373514988 10.073021214944644 16.637015004479633
4.484572603976565 9.347482518021947 13.901517914988482
4.685450097193851 10.776395331002373 15.92124177959047
4.519936599293456 9.57974135503606 14.875273434799452
4.743652373514988 10.073021214944644 16.637015004479633
4.255626554586705 9.074680401393868 13.94583513729395
4.646903328340931 9.732682471242024 14.49453492573276
4.690543861611168 10.87970470940352 18.501717754043476
4.530096490169775 9.632736282401794 14.505903194187146
4.777585378780741 10.489125440079368 17.200841469851305
4.679160818839674 11.257651420641515 17.326526330802274
4.5344700695362885 9.74180951880481 14.691732852464083
4.531174453526631 9.595027924858034 14.100070734439555
4.679160818839674 11.260780197117741 18.83282338743041
4.768868879801984 10.439402197876124 14.690229353690563
4.648013921447027 10.498567894460104 16.759191100646255
4.737086485039227 10.061306581873263 15.071360049677626
4.734411624312095 10.005165557720366 14.89129862613678
4.777585378780741 10.489125440079368 17.200841469851305
4.489779651993999 9.376175197744342 13.509188213142236
4.737086485039227 10.061306581873263 15.071360049677626
4.5310009545279755 9.716345772128582 14.763033447805162
4.671875448272234 10.721972162999869 16.9146007447462
4.639100472415863 9.848641811137874 15.5290606354107
3.717366260330318 8.626859702934993 12.283029893152621
4.791862729394592 10.519230386717654 15.824077096216424
4.779427349083799 10.488938573902058 16.37443922070081
4.5344700695362885 9.74180951880481 14.691732852464083
4.734411624312095 10.005165557720366 14.89129862613678
4.32283930457604 9.217670483103692 15.163834866652932
3.5409679878273246 8.630687000402814 12.831705414937272
4.372536853564869 9.25566240471195 15.228395186479482
4.489779651993999 9.376175197744342 13.509188213142236
4.737086485039227 10.446156694821457 15.060411236508953
4.6505473604611 10.785459725379466 17.047180085977573
4.685012547351094 11.344326304005403 19.484407487419404
4.32736459877932 9.150688677454381 15.359638726358076
4.646903328340931 9.732682471242024 14.49453492573276
4.484572603976565 9.347482518021947 13.901517914988482
4.779427349083799 10.488938573902058 16.37443922070081
4.779427349083799 10.488938573902058 16.37443922070081
4.724557491967204 9.978236495710382 14.670498104432198
4.734411624312095 10.005165557720366 14.89129862613678
4.796317859328815 11.879388664091406 20.504419089451847
4.488909202183861 9.369716443290583 14.202800280365116
4.724557491967204 9.978236495710382 14.670498104432198
3.885976601539556 8.793774356750134 12.36036378097853
4.488909202183861 9.369716443290583 14.202800280365116
4.724557491967204 9.978236495710382 14.670498104432198
4.686775022643711 11.30591228021184 19.22935138537509
4.729373069941668 10.01619908255153 15.831559296211346
4.648013921447027 10.705422621017986 18.094762162744335
4.479088852007683 9.124446482408116 15.094888728413512
4.531174453526631 9.595027924858034 14.100070734439555
4.648013921447027 10.705422621017986 18.094762162744335
4.389483116587274 9.175016382730611 14.757528080086047
4.648013921447027 10.498567894460104 16.759191100646255
4.679160818839674 10.89610195413931 18.57058110329887
4.399981169895714 9.181432836744515 15.033763491127573
4.335278731568729 9.208707366621455 15.189746151637133
4.532326347687975 9.442999726546532 14.047786165603448
4.399981169895714 9.181432836744515 15.033763491127573
4.679160818839674 10.825152099661294 18.141699341985372
4.394690164604708 9.18383004636394 15.058340064978259
4.743652373514988 10.073021214944644 16.637015004479633
4.505603769266108 9.409123242784553 14.753313497951222
4.781867576388504 10.39530536869281 15.511404450892442
4.643920645489138 9.981648384009683 14.725446376643614
4.682834747745387 11.664949511435228 19.00193304334172
4.805963281847959 12.20552922594084 21.883410679962463
4.810973362002962 11.690382869597327 19.072557545974906
4.157606546739261 9.068600994798324 13.732357366080798
4.679160818839674 11.257651420641515 17.326526330802274
4.690543861611168 11.397870034089166 18.154765328845787
4.489586905316122 9.262815743347975 13.559449020588978
4.781867576388504 10.54044106199147 17.848831930062993
4.8005483010608705 12.01484554839707 21.08001280096361
4.359261454972361 9.141253334130251 14.467896285293097
4.679160818839674 10.825152099661294 18.141699341985372
4.777585378780741 10.489125440079368 17.200841469851305
4.530096490169775 9.632736282401794 14.505903194187146
4.679160818839674 10.825152099661294 18.141699341985372
4.643920645489138 9.981648384009683 14.725446376643614
4.495081247244089 9.339565425512768 14.271094893033167
4.479088852007683 9.314441372512839 14.434997338203187
4.484572603976565 9.347482518021947 13.901517914988482
4.768868879801984 10.439402197876124 14.690229353690563
4.5310009545279755 9.716345772128582 14.763033447805162
4.69631352903543 11.363459268063188 19.488951591945234
4.489779651993999 9.376175197744342 13.509188213142236
4.694121922885308 11.332085869870518 19.489150161345957
4.530096490169775 9.632736282401794 14.505903194187146
4.777585378780741 10.489125440079368 17.200841469851305
4.143867758757371 9.0098147686784 13.708545498396866
4.193671067240148 9.070582361472514 14.497316913943294
4.777585378780741 10.489125440079368 17.200841469851305
4.6581992080985275 10.553174909999052 15.906512386162548
4.488909202183861 9.369716443290583 14.202800280365116
4.791862729394592 10.519230386717654 15.824077096216424
4.34058966510521 9.214435191016989 14.753210913474883
4.685450097193851 10.776395331002373 15.92124177959047
4.743652373514988 10.073021214944644 16.637015004479633
4.157606546739261 9.068600994798324 13.732357366080798
4.671875448272234 10.721972162999869 16.9146007447462
4.690543861611168 10.84681896558679 18.358306209194375
4.530096490169775 9.632736282401794 14.505903194187146
4.639100472415863 9.848641811137874 15.5290606354107
4.646903328340931 9.732682471242024 14.49453492573276
4.737086485039227 10.061306581873263 15.071360049677626
4.519936599293456 9.57974135503606 14.875273434799452
4.6581992080985275 10.553174909999052 15.906512386162548
4.519936599293456 9.57974135503606 14.875273434799452
4.519936599293456 9.57974135503606 14.875273434799452
4.777585378780741 10.489125440079368 17.200841469851305
4.642896136209287 9.72940066245075 14.110503676314138
4.505603769266108 9.409123242784553 14.753313497951222
4.143867758757371 9.0098147686784 13.708545498396866
4.329589884481631 9.170267366215565 14.98080157095762
4.140982366844134 8.960139826904504 13.319497605969318
4.791862729394592 10.519230386717654 15.824077096216424
4.479088852007683 9.314441372512839 14.434997338203187
4.729373069941668 10.01619908255153 15.831559296211346
4.484572603976565 9.347482518021947 13.901517914988482
4.639100472415863 9.848641811137874 15.5290606354107
4.690543861611168 11.397870034089166 18.154765328845787
4.729373069941668 10.01619908255153 15.831559296211346
4.5344700695362885 9.74180951880481 14.691732852464083
4.648013921447027 10.705422621017986 18.094762162744335
4.679160818839674 11.260780197117741 18.83282338743041
4.532326347687975 9.442999726546532 14.047786165603448
4.724557491967204 9.978236495710382 14.670498104432198
3.9852162555537474 8.830436963311081 12.640168526271081
3.9852162555537474 8.830436963311081 12.640168526271081
4.479088852007683 9.314441372512839 14.434997338203187
4.32283930457604 9.217670483103692 15.163834866652932
4.6505473604611 10.785459725379466 17.047180085977573
4.479088852007683 9.314441372512839 14.434997338203187
4.394690164604708 9.18383004636394 15.058340064978259
4.532326347687975 9.442999726546532 14.047786165603448
4.679160818839674 10.89610195413931 18.57058110329887
4.372536853564869 9.25566240471195 15.228395186479482
4.685450097193851 10.776395331002373 15.92124177959047
4.530096490169775 9.632736282401794 14.505903194187146
4.531174453526631 9.595027924858034 14.100070734439555
4.729373069941668 10.01619908255153 15.831559296211346
4.648013921447027 10.498567894460104 16.759191100646255
4.737086485039227 10.446156694821457 15.060411236508953
4.530096490169775 9.632736282401794 14.505903194187146
4.479088852007683 9.314441372512839 14.434997338203187
4.777585378780741 10.489125440079368 17.200841469851305
4.494200207474867 9.37024597900129 14.157735181986524
4.779427349083799 10.488938573902058 16.37443922070081
4.779427349083799 10.488938573902058 16.37443922070081
4.6581992080985275 10.553174909999052 15.906512386162548
4.646903328340931 9.732682471242024 14.49453492573276
4.648013921447027 10.705422621017986 18.094762162744335
4.494200207474867 9.37024597900129 14.157735181986524
4.399981169895714 9.181432836744515 15.033763491127573
4.685450097193851 10.776395331002373 15.92124177959047
4.810973362002962 11.690382869597327 19.072557545974906
4.768868879801984 10.439402197876124 14.690229353690563
4.494200207474867 9.37024597900129 14.157735181986524
4.777585378780741 10.489125440079368 17.200841469851305
4.152259714436904 8.93821968168844 13.197006195841315
4.34058966510521 9.214435191016989 14.753210913474883
4.494200207474867 9.37024597900129 14.157735181986524
4.32736459877932 9.145705107904131 15.374236545708776
4.489779651993999 9.376175197744342 13.509188213142236
4.648013921447027 10.498567894460104 16.759191100646255
4.489586905316122 9.262815743347975 13.559449020588978
4.777585378780741 10.489125440079368 17.200841469851305
4.5310009545279755 9.716345772128582 14.763033447805162
4.781867576388504 10.39530536869281 15.511404450892442
4.679160818839674 11.257651420641515 17.326526330802274
4.34058966510521 9.214435191016989 14.753210913474883
4.642896136209287 9.72940066245075 14.110503676314138
4.643920645489138 9.981648384009683 14.725446376643614
4.690543861611168 10.84681896558679 18.358306209194375
4.666179823030492 10.691160369578482 16.911466643322033
4.193671067240148 9.045539346314255 14.617004798356454
4.781867576388504 10.54044106199147 17.848831930062993
4.389483116587274 9.175016382730611 14.757528080086047
4.494200207474867 9.37024597900129 14.157735181986524
4.743652373514988 10.073021214944644 16.637015004479633
4.329589884481631 9.170267366215565 14.98080157095762
4.479088852007683 9.124446482408116 15.094888728413512
4.777585378780741 10.489125440079368 17.200841469851305
4.690543861611168 10.84681896558679 18.358306209194375
4.781867576388504 10.39530536869281 15.511404450892442
4.734411624312095 10.005165557720366 14.89129862613678
4.666179823030492 10.691160369578482 16.911466643322033
4.494200207474867 9.37024597900129 14.157735181986524
4.329589884481631 9.170267366215565 14.98080157095762
4.193671067240148 9.070582361472514 14.497316913943294
4.729373069941668 10.01619908255153 15.831559296211346
4.743652373514988 10.073021214944644 16.637015004479633
4.791862729394592 10.519230386717654 15.824077096216424
4.5310009545279755 9.716345772128582 14.763033447805162
4.32283930457604 9.217670483103692 15.163834866652932
4.479088852007683 9.314441372512839 14.434997338203187
4.530096490169775 9.632736282401794 14.505903194187146
4.666179823030492 10.691160369578482 16.911466643322033
4.737086485039227 10.446156694821457 15.060411236508953
4.642896136209287 9.72940066245075 14.110503676314138
4.679160818839674 10.998341698501633 18.56489275211403
4.34058966510521 9.214435191016989 14.753210913474883
4.399981169895714 9.181432836744515 15.033763491127573
4.6998040897443065 11.346620621115251 18.98995410873755
4.140982366844134 8.960139826904504 13.319497605969318
4.132174452509573 8.933809588583161 13.311018318159821
4.5310009545279755 9.716345772128582 14.763033447805162
4.152259714436904 8.93821968168844 13.197006195841315
4.685450097193851 10.776395331002373 15.92124177959047
4.531174453526631 9.595027924858034 14.100070734439555
4.666179823030492 10.691160369578482 16.911466643322033
4.80787396286208 11.866966675452774 20.857089255279607
4.646903328340931 9.732682471242024 14.49453492573276
4.519936599293456 9.57974135503606 14.875273434799452
4.690543861611168 10.84681896558679 18.358306209194375
4.531174453526631 9.595027924858034 14.100070734439555
4.531174453526631 9.595027924858034 14.100070734439555
4.781867576388504 10.54044106199147 17.848831930062993
4.648013921447027 10.498567894460104 16.759191100646255
4.666179823030492 10.691160369578482 16.911466643322033
4.639100472415863 9.848641811137874 15.5290606354107
4.643920645489138 9.981648384009683 14.725446376643614
4.495081247244089 9.339565425512768 14.271094893033167
4.724557491967204 9.978236495710382 14.670498104432198
4.6581992080985275 10.553174909999052 15.906512386162548
4.679160818839674 11.260780197117741 18.83282338743041
4.5310009545279755 9.716345772128582 14.763033447805162
4.639100472415863 9.848641811137874 15.5290606354107
4.5310009545279755 9.716345772128582 14.763033447805162
4.494200207474867 9.37024597900129 14.157735181986524
4.679160818839674 10.998341698501633 18.56489275211403
4.679160818839674 10.89610195413931 18.57058110329887
4.643920645489138 9.981648384009683 14.725446376643614
4.690543861611168 10.87970470940352 18.501717754043476
4.484572603976565 9.347482518021947 13.901517914988482
4.335278731568729 9.208707366621455 15.189746151637133
4.781867576388504 10.39530536869281 15.511404450892442
4.646903328340931 9.732682471242024 14.49453492573276
4.32283930457604 9.217670483103692 15.163834866652932
3.015824710434278 8.589425447509537 12.489094734152046
4.505603769266108 9.409123242784553 14.753313497951222
4.479088852007683 9.314441372512839 14.434997338203187
4.489779651993999 9.376175197744342 13.509188213142236
4.666179823030492 10.691160369578482 16.911466643322033
4.505603769266108 9.409123242784553 14.753313497951222
4.743652373514988 10.073021214944644 16.637015004479633
4.679160818839674 10.825152099661294 18.141699341985372
4.737086485039227 10.446156694821457 15.060411236508953
4.648013921447027 10.498567894460104 16.759191100646255
4.648013921447027 10.498567894460104 16.759191100646255
4.743652373514988 10.073021214944644 16.637015004479633
4.489586905316122 9.262815743347975 13.559449020588978
4.737086485039227 10.061306581873263 15.071360049677626
4.152259714436904 8.93821968168844 13.197006195841315
4.737086485039227 10.446156694821457 15.060411236508953
4.519936599293456 9.57974135503606 14.875273434799452
4.779427349083799 10.488938573902058 16.37443922070081
4.648013921447027 10.498567894460104 16.759191100646255
4.532326347687975 9.442999726546532 14.047786165603448
4.671875448272234 10.721972162999869 16.9146007447462
4.777585378780741 10.489125440079368 17.200841469851305
4.494200207474867 9.37024597900129 14.157735181986524
4.671875448272234 10.721972162999869 16.9146007447462
4.777585378780741 10.489125440079368 17.200841469851305
4.530096490169775 9.632736282401794 14.505903194187146
4.5344700695362885 9.74180951880481 14.691732852464083
4.495081247244089 9.339565425512768 14.271094893033167
4.489779651993999 9.376175197744342 13.509188213142236
4.694121922885308 11.332085869870518 19.489150161345957
4.768868879801984 10.439402197876124 14.690229353690563
4.791862729394592 10.519230386717654 15.824077096216424
4.394690164604708 9.18383004636394 15.058340064978259
4.779427349083799 10.488938573902058 16.37443922070081
4.495081247244089 9.339565425512768 14.271094893033167
4.479088852007683 9.124446482408116 15.094888728413512
4.488909202183861 9.369716443290583 14.202800280365116
4.519936599293456 9.57974135503606 14.875273434799452
4.643920645489138 9.981648384009683 14.725446376643614
4.648013921447027 10.705422621017986 18.094762162744335
4.394690164604708 9.18383004636394 15.058340064978259
4.489779651993999 9.376175197744342 13.509188213142236
4.489779651993999 9.376175197744342 13.509188213142236
4.777585378780741 10.489125440079368 17.200841469851305
4.682226769253079 10.845642930506864 18.06386528811447
4.729373069941668 10.01619908255153 15.831559296211346
4.389483116587274 9.175016382730611 14.757528080086047
4.642896136209287 9.72940066245075 14.110503676314138
4.694121922885308 11.332085869870518 19.489150161345957
4.6581992080985275 10.553174909999052 15.906512386162548
4.532326347687975 9.442999726546532 14.047786165603448
4.646903328340931 9.732682471242024 14.49453492573276
4.495081247244089 9.339565425512768 14.271094893033167
4.648013921447027 10.705422621017986 18.094762162744335
4.494200207474867 9.37024597900129 14.157735181986524
4.394690164604708 9.18383004636394 15.058340064978259
4.5310009545279755 9.716345772128582 14.763033447805162
4.791862729394592 10.519230386717654 15.824077096216424
4.639100472415863 9.848641811137874 15.5290606354107
4.781867576388504 10.39530536869281 15.511404450892442
4.685012547351094 11.344326304005403 19.484407487419404
4.666179823030492 10.691160369578482 16.911466643322033
4.679160818839674 10.998341698501633 18.56489275211403
4.779427349083799 10.488938573902058 16.37443922070081
4.642896136209287 9.72940066245075 14.110503676314138
4.646903328340931 9.732682471242024 14.49453492573276
4.34058966510521 9.214435191016989 14.753210913474883
4.519936599293456 9.57974135503606 14.875273434799452
4.494200207474867 9.37024597900129 14.157735181986524
4.479088852007683 9.314441372512839 14.434997338203187
4.768868879801984 10.439402197876124 14.690229353690563
4.734411624312095 10.005165557720366 14.89129862613678
4.781867576388504 10.54044106199147 17.848831930062993
4.193671067240148 9.045539346314255 14.617004798356454
4.682834747745387 11.664949511435228 19.00193304334172
4.801982491123693 12.138815200314337 20.57770411846651
4.643920645489138 9.981648384009683 14.725446376643614
4.32736459877932 9.150688677454381 15.359638726358076
4.642896136209287 9.72940066245075 14.110503676314138
4.648013921447027 10.498567894460104 16.759191100646255
4.690543861611168 11.397870034089166 18.154765328845787
4.329589884481631 9.170267366215565 14.98080157095762
4.737086485039227 10.061306581873263 15.071360049677626
4.798106318770746 11.928536961915146 21.047729491569427
4.737086485039227 10.061306581873263 15.071360049677626
4.519936599293456 9.57974135503606 14.875273434799452
4.359261454972361 9.141253334130251 14.467896285293097
4.768868879801984 10.439402197876124 14.690229353690563
4.32736459877932 9.145705107904131 15.374236545708776
4.489779651993999 9.376175197744342 13.509188213142236
4.734411624312095 10.005165557720366 14.89129862613678
4.484572603976565 9.347482518021947 13.901517914988482
4.489779651993999 9.376175197744342 13.509188213142236
4.690543861611168 10.84681896558679 18.358306209194375
4.646903328340931 9.732682471242024 14.49453492573276
4.6581992080985275 10.553174909999052 15.906512386162548
4.737086485039227 10.446156694821457 15.060411236508953
4.777585378780741 10.489125440079368 17.200841469851305
4.768868879801984 10.439402197876124 14.690229353690563
4.335278731568729 9.208707366621455 15.189746151637133
4.532326347687975 9.442999726546532 14.047786165603448
4.32736459877932 9.145705107904131 15.374236545708776
4.690543861611168 10.87970470940352 18.501717754043476
4.777585378780741 10.489125440079368 17.200841469851305
4.743652373514988 10.073021214944644 16.637015004479633
4.494200207474867 9.37024597900129 14.157735181986524
4.679160818839674 10.825152099661294 18.141699341985372
4.489586905316122 9.262815743347975 13.559449020588978
4.479088852007683 9.124446482408116 15.094888728413512
4.32283930457604 9.217670483103692 15.163834866652932
4.737086485039227 10.446156694821457 15.060411236508953
4.679160818839674 11.257651420641515 17.326526330802274
4.682226769253079 10.845642930506864 18.06386528811447
4.372536853564869 9.25566240471195 15.228395186479482
4.32283930457604 9.217670483103692 15.163834866652932
4.685450097193851 10.776395331002373 15.92124177959047
4.671875448272234 10.721972162999869 16.9146007447462
4.781867576388504 10.54044106199147 17.848831930062993
4.642896136209287 9.72940066245075 14.110503676314138
4.495081247244089 9.339565425512768 14.271094893033167
3.7884433402102933 8.75809377646592 12.24622553390637
4.5310009545279755 9.716345772128582 14.763033447805162
4.679160818839674 10.825152099661294 18.141699341985372
4.791862729394592 10.519230386717654 15.824077096216424
4.734411624312095 10.005165557720366 14.89129862613678
4.5344700695362885 9.74180951880481 14.691732852464083
4.157606546739261 9.068600994798324 13.732357366080798
4.394690164604708 9.18383004636394 15.058340064978259
4.690543861611168 10.84681896558679 18.358306209194375
4.479088852007683 9.124446482408116 15.094888728413512
4.372536853564869 9.25566240471195 15.228395186479482
4.6998040897443065 11.346620621115251 18.98995410873755
3.166439352441209 7.9546667786641985 14.467310374963509
4.5310009545279755 9.716345772128582 14.763033447805162
4.666179823030492 10.691160369578482 16.911466643322033
4.152259714436904 8.93821968168844 13.197006195841315
4.729373069941668 10.01619908255153 15.831559296211346
4.488909202183861 9.369716443290583 14.202800280365116
3.717366260330318 8.626859702934993 12.283029893152621
4.666179823030492 10.691160369578482 16.911466643322033
4.724557491967204 9.978236495710382 14.670498104432198
4.724557491967204 9.978236495710382 14.670498104432198
4.729373069941668 10.01619908255153 15.831559296211346
4.666179823030492 10.691160369578482 16.911466643322033
4.494200207474867 9.37024597900129 14.157735181986524
4.479088852007683 9.124446482408116 15.094888728413512
4.6505473604611 10.785459725379466 17.047180085977573
4.743652373514988 10.073021214944644 16.637015004479633
4.394690164604708 9.18383004636394 15.058340064978259
4.489779651993999 9.376175197744342 13.509188213142236
4.743652373514988 10.073021214944644 16.637015004479633
4.682226769253079 10.845642930506864 18.06386528811447
4.779427349083799 10.488938573902058 16.37443922070081
4.532326347687975 9.442999726546532 14.047786165603448
3.7726218697591536 8.81981185089135 12.337258477790257
4.494200207474867 9.37024597900129 14.157735181986524
4.479088852007683 9.314441372512839 14.434997338203187
4.791862729394592 10.519230386717654 15.824077096216424
4.389483116587274 9.175016382730611 14.757528080086047
4.811687535919956 11.662238336217237 19.132910248662498
4.519936599293456 9.57974135503606 14.875273434799452
4.777585378780741 10.489125440079368 17.200841469851305
4.5310009545279755 9.716345772128582 14.763033447805162
4.32736459877932 9.145705107904131 15.374236545708776
4.781867576388504 10.54044106199147 17.848831930062993
4.648013921447027 10.498567894460104 16.759191100646255
4.686775022643711 11.30591228021184 19.22935138537509
4.642896136209287 9.72940066245075 14.110503676314138
4.682226769253079 10.845642930506864 18.06386528811447
4.80787396286208 11.866966675452774 20.857089255279607
4.690543861611168 11.397870034089166 18.154765328845787
4.737086485039227 10.061306581873263 15.071360049677626
4.372536853564869 9.25566240471195 15.228395186479482
4.737086485039227 10.061306581873263 15.071360049677626
4.6505473604611 10.785459725379466 17.047180085977573
4.679160818839674 10.825152099661294 18.141699341985372
4.494200207474867 9.37024597900129 14.157735181986524
4.734411624312095 10.005165557720366 14.89129862613678
4.193671067240148 9.070582361472514 14.497316913943294
4.5344700695362885 9.74180951880481 14.691732852464083
4.643920645489138 9.981648384009683 14.725446376643614
4.682226769253079 10.845642930506864 18.06386528811447
4.484572603976565 9.347482518021947 13.901517914988482
4.5310009545279755 9.716345772128582 14.763033447805162
4.743652373514988 10.073021214944644 16.637015004479633
4.489779651993999 9.376175197744342 13.509188213142236
4.791862729394592 10.519230386717654 15.824077096216424
4.777585378780741 10.489125440079368 17.200841469851305
4.255626554586705 9.074680401393868 13.94583513729395
4.643920645489138 9.981648384009683 14.725446376643614
4.734411624312095 10.005165557720366 14.89129862613678
4.685450097193851 10.776395331002373 15.92124177959047
4.479088852007683 9.124446482408116 15.094888728413512
4.781867576388504 10.39530536869281 15.511404450892442
4.359261454972361 9.141253334130251 14.467896285293097
4.729373069941668 10.01619908255153 15.831559296211346
3.998032661578039 8.9050226463784 12.701346768174881
4.5344700695362885 9.74180951880481 14.691732852464083
4.639100472415863 9.848641811137874 15.5290606354107
4.32736459877932 9.150688677454381 15.359638726358076
4.679160818839674 10.825152099661294 18.141699341985372
4.685012547351094 11.344326304005403 19.484407487419404
4.729373069941668 10.01619908255153 15.831559296211346
4.642896136209287 9.72940066245075 14.110503676314138
4.157606546739261 9.068600994798324 13.732357366080798
4.5344700695362885 9.74180951880481 14.691732852464083
4.329589884481631 9.170267366215565 14.98080157095762
4.737086485039227 10.446156694821457 15.060411236508953
4.6505473604611 10.785459725379466 17.047180085977573
4.519936599293456 9.57974135503606 14.875273434799452
4.531174453526631 9.595027924858034 14.100070734439555
4.779427349083799 10.488938573902058 16.37443922070081
4.671875448272234 10.721972162999869 16.9146007447462
4.791862729394592 10.519230386717654 15.824077096216424
4.679160818839674 11.260780197117741 18.83282338743041
4.724557491967204 9.978236495710382 14.670498104432198
4.779427349083799 10.488938573902058 16.37443922070081
4.648013921447027 10.705422621017986 18.094762162744335
4.648013921447027 10.498567894460104 16.759191100646255
4.484572603976565 9.347482518021947 13.901517914988482
4.682226769253079 10.845642930506864 18.06386528811447
4.132174452509573 8.933809588583161 13.311018318159821
4.8005483010608705 12.022962432640888 20.150135688090902
4.32736459877932 9.150688677454381 15.359638726358076
4.5310009545279755 9.716345772128582 14.763033447805162
4.734411624312095 10.005165557720366 14.89129862613678
3.9852162555537474 8.830436963311081 12.640168526271081
4.479088852007683 9.124446482408116 15.094888728413512
4.5310009545279755 9.716345772128582 14.763033447805162
4.734411624312095 10.005165557720366 14.89129862613678
4.505603769266108 9.409123242784553 14.753313497951222
4.781867576388504 10.54044106199147 17.848831930062993
4.779427349083799 10.488938573902058 16.37443922070081
4.743652373514988 10.073021214944644 16.637015004479633
4.666179823030492 10.691160369578482 16.911466643322033
4.648013921447027 10.705422621017986 18.094762162744335
4.494200207474867 9.37024597900129 14.157735181986524
4.193671067240148 9.045539346314255 14.617004798356454
4.489779651993999 9.376175197744342 13.509188213142236
4.6581992080985275 10.553174909999052 15.906512386162548
4.685012547351094 11.344326304005403 19.484407487419404
4.519936599293456 9.57974135503606 14.875273434799452
4.798106318770746 11.928536961915146 21.047729491569427
4.646903328340931 9.732682471242024 14.49453492573276
4.488909202183861 9.369716443290583 14.202800280365116
4.682834747745387 11.664949511435228 19.00193304334172
4.372536853564869 9.25566240471195 15.228395186479482
4.737086485039227 10.061306581873263 15.071360049677626
4.193671067240148 9.045539346314255 14.617004798356454
4.495081247244089 9.339565425512768 14.271094893033167
4.685012547351094 11.344326304005403 19.484407487419404
4.519936599293456 9.57974135503606 14.875273434799452
4.685450097193851 10.776395331002373 15.92124177959047
4.685450097193851 10.776395331002373 15.92124177959047
4.779427349083799 10.488938573902058 16.37443922070081
4.639100472415863 9.848641811137874 15.5290606354107
4.682834747745387 11.664949511435228 19.00193304334172
4.494200207474867 9.37024597900129 14.157735181986524
4.494200207474867 9.37024597900129 14.157735181986524
4.724557491967204 9.978236495710382 14.670498104432198
4.494200207474867 9.37024597900129 14.157735181986524
4.530096490169775 9.632736282401794 14.505903194187146
4.671875448272234 10.721972162999869 16.9146007447462
4.737086485039227 10.446156694821457 15.060411236508953
4.479088852007683 9.124446482408116 15.094888728413512
4.531174453526631 9.595027924858034 14.100070734439555
4.690543861611168 10.87970470940352 18.501717754043476
4.32736459877932 9.150688677454381 15.359638726358076
4.648013921447027 10.498567894460104 16.759191100646255
4.639100472415863 9.848641811137874 15.5290606354107
4.737086485039227 10.446156694821457 15.060411236508953
4.5310009545279755 9.716345772128582 14.763033447805162
4.781867576388504 10.39530536869281 15.511404450892442
4.777585378780741 10.489125440079368 17.200841469851305
4.8005483010608705 11.879598998822269 20.98053259225594
4.671875448272234 10.721972162999869 16.9146007447462
4.017899210535379 8.924294877738737 12.939487483438324
4.694121922885308 11.332085869870518 19.489150161345957
4.479088852007683 9.124446482408116 15.094888728413512
4.484572603976565 9.347482518021947 13.901517914988482
4.679160818839674 10.825152099661294 18.141699341985372
4.781867576388504 10.39530536869281 15.511404450892442
4.008229839610614 8.908496855820937 12.896677304287792
4.729373069941668 10.01619908255153 15.831559296211346
4.690543861611168 10.87970470940352 18.501717754043476
4.694121922885308 11.332085869870518 19.489150161345957
4.734411624312095 10.005165557720366 14.89129862613678
