3.9743845166964964 4.900236742922805 7.217867080445682
4.443760943911821 4.913728335215677 7.74368025619629
5.439087117800711 4.827912342549863 8.382780049809712
4.786376984916948 4.807046649080209 7.607880212313969
5.749241089214526 4.910870581552517 7.431041372116134
5.030090851299989 4.856247286203078 7.608231588823062
5.121874772327994 4.731553471154509 7.858639663988618
5.124471010953383 4.893857614737066 7.639667387878465
5.526968860432593 4.817285450532821 7.354217408015928
5.113683823452167 4.716343556614953 7.862159088486685
6.006670624605721 4.878338893373912 8.574782465735215
4.7941969880569495 4.812171565131967 7.717750223404198
4.743432467980353 4.784897909310209 7.6037573058187515
4.786376984916948 4.807046649080209 7.607880212313969
5.3605486291089095 4.773238268247376 7.875951435828135
4.845082355153893 4.818253017325747 7.624501474106122
6.006670624605721 4.878338893373912 8.574782465735215
5.3605486291089095 4.773238268247376 7.875951435828135
4.396854123432077 4.859124430138198 7.749804972437187
5.124471010953383 4.893857614737066 7.639667387878465
5.753804789534939 5.311601893851921 7.307556420710655
5.917599592531521 5.260507244971137 7.924321950676549
5.027759957293365 4.892536422070917 7.874770373429079
4.7941969880569495 4.812171565131967 7.717750223404198
4.786376984916948 4.807046649080209 7.607880212313969
5.124471010953383 4.893857614737066 7.639667387878465
5.16917836447545 4.712970028218701 7.55883567571717
4.412940954390433 5.124175372142762 7.7339757588547045
5.3605486291089095 4.773238268247376 7.875951435828135
5.027759957293365 4.892536422070917 7.874770373429079
4.813961640948129 4.821616421344558 7.699799136842093
4.337741838586675 4.9823628573278285 7.760471699145078
4.724812241159552 4.7973350544117315 7.810656498276636
4.724812241159552 4.7973350544117315 7.810656498276636
4.839781217495653 4.922707839645596 7.833844902327155
5.2645062891950385 4.7638827523231395 7.360123019446457
5.027759957293365 4.892536422070917 7.874770373429079
5.646859012913293 4.945283347910382 7.745504616978654
5.779483612996567 5.2973430180134145 7.299046981507324
7.93554104466397 9.759594017733729 8.43489530694888
4.9403152342827275 4.923858602032399 7.713728995383404
5.0985855316414925 4.913675029412991 7.695371791293878
5.027759957293365 4.892536422070917 7.874770373429079
4.786376984916948 4.807046649080209 7.607880212313969
7.5299492699919215 8.743390131439513 9.242445384354525
4.839781217495653 4.922707839645596 7.833844902327155
4.761139460992761 4.815236468356344 7.565672426808834
6.9038955611907795 6.721041388280124 8.58271465054953
5.646859012913293 4.945283347910382 7.745504616978654
5.160648862090689 4.831752944464891 7.895499437208513
4.698594876059316 4.793108072050773 7.55882391250127
4.337741838586675 4.9823628573278285 7.760471699145078
5.2645062891950385 4.7638827523231395 7.360123019446457
5.439087117800711 4.827912342549863 8.382780049809712
5.620596936846703 4.917650184617601 7.357268433906408
4.813961640948129 4.821616421344558 7.699799136842093
4.930995355896784 4.936389572769774 7.721660867068938
6.568655434996455 6.233144301884358 7.673014089730937
5.646859012913293 4.945283347910382 7.745504616978654
4.389303560602714 5.025424324343185 7.543573084366693
5.526968860432593 4.817285450532821 7.354217408015928
4.316455916675265 4.903393887586937 7.58743541705299
5.030090851299989 4.856247286203078 7.608231588823062
4.389204843735 4.92100983222686 7.794570650917226
5.779483612996567 5.2973430180134145 7.299046981507324
6.51246352209564 5.703188354335078 7.480147169082854
4.379984594633816 5.043064898113225 7.780672432726142
4.786376984916948 4.807046649080209 7.607880212313969
5.093029727517784 4.655679744359388 7.5460375905648975
6.51246352209564 5.703188354335078 7.480147169082854
6.098942019919827 5.454065872566326 7.334516471635779
6.744926376633045 7.138636842538164 8.290327412406443
5.311727519960968 4.866723672203856 7.571013343317042
5.646859012913293 4.945283347910382 7.745504616978654
4.930995355896784 4.936389572769774 7.721660867068938
5.311727519960968 4.866723672203856 7.571013343317042
5.160648862090689 4.831752944464891 7.895499437208513
5.121874772327994 4.731553471154509 7.858639663988618
4.698594876059316 4.793108072050773 7.55882391250127
4.513357593778265 4.850670499826622 7.803597846971725
4.7941969880569495 4.812171565131967 7.717750223404198
4.9403152342827275 4.923858602032399 7.713728995383404
10.169214927294703 12.005767925112416 8.04566699749028
5.033205131770941 4.784127878442483 7.4902207416437765
4.813961640948129 4.821616421344558 7.699799136842093
5.124471010953383 4.893857614737066 7.639667387878465
5.526968860432593 4.817285450532821 7.354217408015928
4.813961640948129 4.821616421344558 7.699799136842093
4.382185176863557 5.015815147856148 7.530306921660514
5.311727519960968 4.866723672203856 7.571013343317042
15.321162146709293 14.930596612916256 8.680003167130035
5.093029727517784 4.655679744359388 7.5460375905648975
5.2645062891950385 4.7638827523231395 7.360123019446457
6.243958865381102 5.714406722309185 7.60742273223462
4.397251926428905 4.979617086892185 7.8087816489589255
5.093029727517784 4.655679744359388 7.5460375905648975
5.0985855316414925 4.913675029412991 7.695371791293878
5.439087117800711 4.827912342549863 8.382780049809712
4.909552558082045 4.773354464735165 7.788417022446683
4.930995355896784 4.936389572769774 7.721660867068938
4.813961640948129 4.821616421344558 7.699799136842093
5.439087117800711 4.827912342549863 8.382780049809712
7.186233776343352 8.372065994891926 9.009365712947478
4.930995355896784 4.936389572769774 7.721660867068938
7.186233776343352 8.372065994891926 9.009365712947478
5.027759957293365 4.892536422070917 7.874770373429079
3.981023582056682 4.63099688236057 6.4619978636188495
4.396854123432077 4.859124430138198 7.749804972437187
4.362436451953396 4.915548640484296 7.89399402688936
6.053447944881046 6.148030931177742 7.768339359345756
4.909552558082045 4.773354464735165 7.788417022446683
4.813961640948129 4.821616421344558 7.699799136842093
4.379984594633816 5.043064898113225 7.780672432726142
4.743432467980353 4.784897909310209 7.6037573058187515
4.447424203574057 5.009280618149011 7.434905197754871
5.311727519960968 4.866723672203856 7.571013343317042
5.917599592531521 5.260507244971137 7.924321950676549
5.753804789534939 5.311601893851921 7.307556420710655
5.749241089214526 4.910870581552517 7.431041372116134
4.443760943911821 4.913728335215677 7.74368025619629
5.699632234434035 4.701932415757435 7.546240762490793
5.093029727517784 4.655679744359388 7.5460375905648975
4.396854123432077 4.859124430138198 7.749804972437187
4.786376984916948 4.807046649080209 7.607880212313969
5.093029727517784 4.655679744359388 7.5460375905648975
4.355545992356299 4.827377784264583 7.617184446319264
4.401571842434528 5.004453640234616 7.709795246442281
5.779483612996567 5.2973430180134145 7.299046981507324
4.923331360725054 4.867578048939183 7.73589809770324
5.311727519960968 4.866723672203856 7.571013343317042
5.2645062891950385 4.7638827523231395 7.360123019446457
4.389303560602714 5.025424324343185 7.543573084366693
4.845082355153893 4.818253017325747 7.624501474106122
5.439087117800711 4.827912342549863 8.382780049809712
5.2645062891950385 4.7638827523231395 7.360123019446457
6.098942019919827 5.454065872566326 7.334516471635779
4.7941969880569495 4.812171565131967 7.717750223404198
7.589959104031774 9.446569030447021 9.47091072351188
25.17304986322814 19.376318875673174 12.294540129045513
5.3605486291089095 4.773238268247376 7.875951435828135
5.3605486291089095 4.773238268247376 7.875951435828135
5.093029727517784 4.655679744359388 7.5460375905648975
4.396854123432077 4.859124430138198 7.749804972437187
4.397251926428905 4.979617086892185 7.8087816489589255
5.439087117800711 4.827912342549863 8.382780049809712
5.317419965330333 4.831906543811372 7.752401479478657
5.027759957293365 4.892536422070917 7.874770373429079
5.311727519960968 4.866723672203856 7.571013343317042
5.699632234434035 4.701932415757435 7.546240762490793
5.093029727517784 4.655679744359388 7.5460375905648975
5.620596936846703 4.917650184617601 7.357268433906408
4.909552558082045 4.773354464735165 7.788417022446683
6.243958865381102 5.714406722309185 7.60742273223462
4.761139460992761 4.815236468356344 7.565672426808834
5.646859012913293 4.945283347910382 7.745504616978654
5.0985855316414925 4.913675029412991 7.695371791293878
4.337741838586675 4.9823628573278285 7.760471699145078
5.699632234434035 4.701932415757435 7.546240762490793
5.311727519960968 4.866723672203856 7.571013343317042
4.355545992356299 4.827377784264583 7.617184446319264
5.526968860432593 4.817285450532821 7.354217408015928
5.3605486291089095 4.773238268247376 7.875951435828135
5.121874772327994 4.731553471154509 7.858639663988618
7.186233776343352 8.372065994891926 9.009365712947478
4.351687613603507 4.881396745630864 7.643383258484259
6.098942019919827 5.454065872566326 7.334516471635779
6.006670624605721 4.878338893373912 8.574782465735215
5.526968860432593 4.817285450532821 7.354217408015928
4.923331360725054 4.867578048939183 7.73589809770324
4.396854123432077 4.859124430138198 7.749804972437187
4.813961640948129 4.821616421344558 7.699799136842093
4.513357593778265 4.850670499826622 7.803597846971725
4.930995355896784 4.936389572769774 7.721660867068938
4.909552558082045 4.773354464735165 7.788417022446683
6.825484124752142 6.359742806589506 8.272044965869126
5.121874772327994 4.731553471154509 7.858639663988618
4.39675421320161 4.860516771247589 7.816293675089249
5.779483612996567 5.2973430180134145 7.299046981507324
5.439087117800711 4.827912342549863 8.382780049809712
4.351687613603507 4.881396745630864 7.643383258484259
5.033205131770941 4.784127878442483 7.4902207416437765
6.243958865381102 5.714406722309185 7.60742273223462
4.845082355153893 4.818253017325747 7.624501474106122
5.093029727517784 4.655679744359388 7.5460375905648975
4.813961640948129 4.821616421344558 7.699799136842093
4.839781217495653 4.922707839645596 7.833844902327155
4.839781217495653 4.922707839645596 7.833844902327155
5.0985855316414925 4.913675029412991 7.695371791293878
4.42566870718119 4.98549259624457 7.80800324763549
6.098942019919827 5.454065872566326 7.334516471635779
4.813961640948129 4.821616421344558 7.699799136842093
4.845082355153893 4.818253017325747 7.624501474106122
4.513357593778265 4.850670499826622 7.803597846971725
5.027759957293365 4.892536422070917 7.874770373429079
4.839781217495653 4.922707839645596 7.833844902327155
5.033205131770941 4.784127878442483 7.4902207416437765
5.753804789534939 5.311601893851921 7.307556420710655
6.842184854217277 6.888119560745046 8.35545695174156
5.917599592531521 5.260507244971137 7.924321950676549
6.282673640093635 5.752229760363345 8.05307300034128
4.513357593778265 4.850670499826622 7.803597846971725
4.9403152342827275 4.923858602032399 7.713728995383404
4.513357593778265 4.850670499826622 7.803597846971725
5.2645062891950385 4.7638827523231395 7.360123019446457
5.526968860432593 4.817285450532821 7.354217408015928
4.743432467980353 4.784897909310209 7.6037573058187515
4.443760943911821 4.913728335215677 7.74368025619629
5.779483612996567 5.2973430180134145 7.299046981507324
4.389204843735 4.864214893985894 7.7162582308649466
5.779483612996567 5.2973430180134145 7.299046981507324
4.743432467980353 4.784897909310209 7.6037573058187515
4.355545992356299 4.827377784264583 7.617184446319264
4.9403152342827275 4.923858602032399 7.713728995383404
5.3605486291089095 4.773238268247376 7.875951435828135
5.439087117800711 4.827912342549863 8.382780049809712
5.439087117800711 4.827912342549863 8.382780049809712
5.160648862090689 4.831752944464891 7.895499437208513
5.124471010953383 4.893857614737066 7.639667387878465
5.030090851299989 4.856247286203078 7.608231588823062
4.761139460992761 4.815236468356344 7.565672426808834
4.761139460992761 4.815236468356344 7.565672426808834
4.724812241159552 4.7973350544117315 7.810656498276636
5.526968860432593 4.817285450532821 7.354217408015928
4.786376984916948 4.807046649080209 7.607880212313969
7.331694953779596 8.018577506824668 8.805794857787797
9.345245872236104 10.211917401676283 8.536767332657744
5.093029727517784 4.655679744359388 7.5460375905648975
5.16917836447545 4.712970028218701 7.55883567571717
5.0985855316414925 4.913675029412991 7.695371791293878
5.093029727517784 4.655679744359388 7.5460375905648975
7.93554104466397 9.759594017733729 8.43489530694888
5.439087117800711 4.827912342549863 8.382780049809712
4.724812241159552 4.7973350544117315 7.810656498276636
4.761139460992761 4.815236468356344 7.565672426808834
5.317419965330333 4.831906543811372 7.752401479478657
4.7941969880569495 4.812171565131967 7.717750223404198
5.311727519960968 4.866723672203856 7.571013343317042
4.196873511455831 4.952369875217424 7.33983415597483
6.282673640093635 5.752229760363345 8.05307300034128
5.699632234434035 4.701932415757435 7.546240762490793
4.724812241159552 4.7973350544117315 7.810656498276636
5.124471010953383 4.893857614737066 7.639667387878465
6.825484124752142 6.359742806589506 8.272044965869126
6.282673640093635 5.752229760363345 8.05307300034128
3.950487042998755 4.9407191565227775 7.535116432898061
4.923331360725054 4.867578048939183 7.73589809770324
4.396854123432077 4.859124430138198 7.749804972437187
5.917599592531521 5.260507244971137 7.924321950676549
5.113683823452167 4.716343556614953 7.862159088486685
4.839781217495653 4.922707839645596 7.833844902327155
5.093029727517784 4.655679744359388 7.5460375905648975
5.121874772327994 4.731553471154509 7.858639663988618
4.839781217495653 4.922707839645596 7.833844902327155
4.7941969880569495 4.812171565131967 7.717750223404198
4.382185176863557 5.015815147856148 7.530306921660514
4.813961640948129 4.821616421344558 7.699799136842093
9.905396712905095 11.01863022710859 8.037462473910493
4.397251926428905 4.979617086892185 7.8087816489589255
5.317419965330333 4.831906543811372 7.752401479478657
6.825484124752142 6.359742806589506 8.272044965869126
6.842184854217277 6.888119560745046 8.35545695174156
5.753804789534939 5.311601893851921 7.307556420710655
5.317419965330333 4.831906543811372 7.752401479478657
4.786376984916948 4.807046649080209 7.607880212313969
5.16917836447545 4.712970028218701 7.55883567571717
5.317419965330333 4.831906543811372 7.752401479478657
6.006670624605721 4.878338893373912 8.574782465735215
4.698594876059316 4.793108072050773 7.55882391250127
5.093029727517784 4.655679744359388 7.5460375905648975
4.930995355896784 4.936389572769774 7.721660867068938
5.2645062891950385 4.7638827523231395 7.360123019446457
5.311727519960968 4.866723672203856 7.571013343317042
5.439087117800711 4.827912342549863 8.382780049809712
5.917599592531521 5.260507244971137 7.924321950676549
5.3605486291089095 4.773238268247376 7.875951435828135
5.917599592531521 5.260507244971137 7.924321950676549
5.027759957293365 4.892536422070917 7.874770373429079
7.331694953779596 8.018577506824668 8.805794857787797
5.0985855316414925 4.913675029412991 7.695371791293878
4.7941969880569495 4.812171565131967 7.717750223404198
5.030090851299989 4.856247286203078 7.608231588823062
4.813961640948129 4.821616421344558 7.699799136842093
4.362436451953396 4.915548640484296 7.89399402688936
5.0985855316414925 4.913675029412991 7.695371791293878
6.51246352209564 5.703188354335078 7.480147169082854
4.42566870718119 4.98549259624457 7.80800324763549
5.620596936846703 4.917650184617601 7.357268433906408
9.076445268153286 9.75479383009532 9.259468051991874
4.9403152342827275 4.923858602032399 7.713728995383404
4.416871524614325 5.028453393895905 7.864355420648747
4.930995355896784 4.936389572769774 7.721660867068938
3.921447009987003 4.959937946896156 7.221357273940384
5.16917836447545 4.712970028218701 7.55883567571717
5.620596936846703 4.917650184617601 7.357268433906408
5.439087117800711 4.827912342549863 8.382780049809712
4.909552558082045 4.773354464735165 7.788417022446683
4.396854123432077 4.859124430138198 7.749804972437187
5.030090851299989 4.856247286203078 7.608231588823062
5.027759957293365 4.892536422070917 7.874770373429079
4.845082355153893 4.818253017325747 7.624501474106122
11.599816370333384 11.705689936724674 8.621088698518387
6.568655434996455 6.233144301884358 7.673014089730937
5.526968860432593 4.817285450532821 7.354217408015928
4.786376984916948 4.807046649080209 7.607880212313969
4.401571842434528 5.004453640234616 7.709795246442281
4.761139460992761 4.815236468356344 7.565672426808834
4.930995355896784 4.936389572769774 7.721660867068938
5.3605486291089095 4.773238268247376 7.875951435828135
6.9038955611907795 6.721041388280124 8.58271465054953
5.2645062891950385 4.7638827523231395 7.360123019446457
5.033205131770941 4.784127878442483 7.4902207416437765
4.923331360725054 4.867578048939183 7.73589809770324
4.316455916675265 4.903393887586937 7.58743541705299
27.58188320629827 16.568052675832494 13.07886580025151
4.813961640948129 4.821616421344558 7.699799136842093
5.311727519960968 4.866723672203856 7.571013343317042
4.513357593778265 4.850670499826622 7.803597846971725
5.093029727517784 4.655679744359388 7.5460375905648975
5.16917836447545 4.712970028218701 7.55883567571717
5.699632234434035 4.701932415757435 7.546240762490793
4.743432467980353 4.784897909310209 7.6037573058187515
4.389204843735 4.864214893985894 7.7162582308649466
4.396854123432077 4.859124430138198 7.749804972437187
5.317419965330333 4.831906543811372 7.752401479478657
4.443760943911821 4.913728335215677 7.74368025619629
6.006670624605721 4.878338893373912 8.574782465735215
3.913075712031225 4.838577263793831 6.760683314082253
4.761139460992761 4.815236468356344 7.565672426808834
5.439087117800711 4.827912342549863 8.382780049809712
5.160648862090689 4.831752944464891 7.895499437208513
4.412940954390433 5.124175372142762 7.7339757588547045
4.443760943911821 4.913728335215677 7.74368025619629
4.513357593778265 4.850670499826622 7.803597846971725
11.599816370333384 11.705689936724674 8.621088698518387
5.3605486291089095 4.773238268247376 7.875951435828135
4.355545992356299 4.827377784264583 7.617184446319264
5.113683823452167 4.716343556614953 7.862159088486685
4.418215051704687 5.023016455118068 7.84469110066728
5.16917836447545 4.712970028218701 7.55883567571717
6.9038955611907795 6.721041388280124 8.58271465054953
5.439087117800711 4.827912342549863 8.382780049809712
4.443760943911821 4.913728335215677 7.74368025619629
5.113683823452167 4.716343556614953 7.862159088486685
4.930995355896784 4.936389572769774 7.721660867068938
4.351687613603507 4.881396745630864 7.643383258484259
5.16917836447545 4.712970028218701 7.55883567571717
5.2645062891950385 4.7638827523231395 7.360123019446457
5.113683823452167 4.716343556614953 7.862159088486685
6.098942019919827 5.454065872566326 7.334516471635779
6.053447944881046 6.148030931177742 7.768339359345756
4.698594876059316 4.793108072050773 7.55882391250127
6.842184854217277 6.888119560745046 8.35545695174156
5.699632234434035 4.701932415757435 7.546240762490793
4.845082355153893 4.818253017325747 7.624501474106122
6.053447944881046 6.148030931177742 7.768339359345756
19.771835489412627 14.119157217581726 8.566687824016629
5.16917836447545 4.712970028218701 7.55883567571717
3.9777844310302206 4.863120785906436 6.789030486023334
4.845082355153893 4.818253017325747 7.624501474106122
4.786376984916948 4.807046649080209 7.607880212313969
5.124471010953383 4.893857614737066 7.639667387878465
6.098942019919827 5.454065872566326 7.334516471635779
5.093029727517784 4.655679744359388 7.5460375905648975
4.813961640948129 4.821616421344558 7.699799136842093
4.813961640948129 4.821616421344558 7.699799136842093
5.093029727517784 4.655679744359388 7.5460375905648975
4.743432467980353 4.784897909310209 7.6037573058187515
5.033205131770941 4.784127878442483 7.4902207416437765
4.393922562737452 4.991351468124686 7.705870790602176
5.311727519960968 4.866723672203856 7.571013343317042
5.16917836447545 4.712970028218701 7.55883567571717
6.744926376633045 7.138636842538164 8.290327412406443
4.930995355896784 4.936389572769774 7.721660867068938
6.891189438007904 7.034862897785868 8.421039153939809
5.317419965330333 4.831906543811372 7.752401479478657
6.098942019919827 5.454065872566326 7.334516471635779
5.093029727517784 4.655679744359388 7.5460375905648975
10.169214927294703 12.005767925112416 8.04566699749028
5.699632234434035 4.701932415757435 7.546240762490793
6.744926376633045 7.138636842538164 8.290327412406443
5.0985855316414925 4.913675029412991 7.695371791293878
3.9657817199672634 4.875584464741723 6.813404026499839
15.889677839855251 17.464386325541376 10.674217095241568
3.95857901973622 4.928406870803957 7.309327125432327
4.389204843735 4.92100983222686 7.794570650917226
6.568655434996455 6.233144301884358 7.673014089730937
5.113683823452167 4.716343556614953 7.862159088486685
4.17744111463969 5.041663620571206 7.429339173381403
4.447424203574057 5.009280618149011 7.434905197754871
4.698594876059316 4.793108072050773 7.55882391250127
4.495313553858926 5.027472049818171 7.6290792440332105
4.786376984916948 4.807046649080209 7.607880212313969
4.724812241159552 4.7973350544117315 7.810656498276636
6.568655434996455 6.233144301884358 7.673014089730937
5.311727519960968 4.866723672203856 7.571013343317042
4.9403152342827275 4.923858602032399 7.713728995383404
3.950487042998755 4.9407191565227775 7.535116432898061
4.389303560602714 5.025424324343185 7.543573084366693
4.495313553858926 5.027472049818171 7.6290792440332105
5.0985855316414925 4.913675029412991 7.695371791293878
4.698594876059316 4.793108072050773 7.55882391250127
5.317419965330333 4.831906543811372 7.752401479478657
4.761139460992761 4.815236468356344 7.565672426808834
7.589959104031774 9.446569030447021 9.47091072351188
4.761139460992761 4.815236468356344 7.565672426808834
5.121874772327994 4.731553471154509 7.858639663988618
4.443760943911821 4.913728335215677 7.74368025619629
4.724812241159552 4.7973350544117315 7.810656498276636
4.698594876059316 4.793108072050773 7.55882391250127
4.351687613603507 4.881396745630864 7.643383258484259
4.724812241159552 4.7973350544117315 7.810656498276636
5.749241089214526 4.910870581552517 7.431041372116134
4.786376984916948 4.807046649080209 7.607880212313969
4.761139460992761 4.815236468356344 7.565672426808834
5.917599592531521 5.260507244971137 7.924321950676549
4.355545992356299 4.827377784264583 7.617184446319264
5.121874772327994 4.731553471154509 7.858639663988618
5.113683823452167 4.716343556614953 7.862159088486685
4.698594876059316 4.793108072050773 7.55882391250127
6.891189438007904 7.034862897785868 8.421039153939809
4.443760943911821 4.913728335215677 7.74368025619629
5.033205131770941 4.784127878442483 7.4902207416437765
4.389303560602714 5.025424324343185 7.543573084366693
3.981023582056682 4.63099688236057 6.4619978636188495
4.513357593778265 4.850670499826622 7.803597846971725
5.699632234434035 4.701932415757435 7.546240762490793
4.813961640948129 4.821616421344558 7.699799136842093
5.753804789534939 5.311601893851921 7.307556420710655
5.311727519960968 4.866723672203856 7.571013343317042
5.317419965330333 4.831906543811372 7.752401479478657
5.121874772327994 4.731553471154509 7.858639663988618
7.186233776343352 8.372065994891926 9.009365712947478
6.006670624605721 4.878338893373912 8.574782465735215
6.891189438007904 7.034862897785868 8.421039153939809
5.311727519960968 4.866723672203856 7.571013343317042
4.513357593778265 4.850670499826622 7.803597846971725
5.311727519960968 4.866723672203856 7.571013343317042
4.396854123432077 4.859124430138198 7.749804972437187
5.2645062891950385 4.7638827523231395 7.360123019446457
5.16917836447545 4.712970028218701 7.55883567571717
5.121874772327994 4.731553471154509 7.858639663988618
5.620596936846703 4.917650184617601 7.357268433906408
4.389204843735 4.92100983222686 7.794570650917226
6.098942019919827 5.454065872566326 7.334516471635779
10.80891911464025 12.465600927068435 8.108429115335946
5.2645062891950385 4.7638827523231395 7.360123019446457
6.282673640093635 5.752229760363345 8.05307300034128
4.355545992356299 4.827377784264583 7.617184446319264
4.909552558082045 4.773354464735165 7.788417022446683
4.930995355896784 4.936389572769774 7.721660867068938
4.443760943911821 4.913728335215677 7.74368025619629
6.2467621230662616 5.603145027055984 7.594191832800779
5.317419965330333 4.831906543811372 7.752401479478657
4.9403152342827275 4.923858602032399 7.713728995383404
4.786376984916948 4.807046649080209 7.607880212313969
4.761139460992761 4.815236468356344 7.565672426808834
6.006670624605721 4.878338893373912 8.574782465735215
6.006670624605721 4.878338893373912 8.574782465735215
5.113683823452167 4.716343556614953 7.862159088486685
6.053447944881046 6.148030931177742 7.768339359345756
4.743432467980353 4.784897909310209 7.6037573058187515
5.160648862090689 4.831752944464891 7.895499437208513
4.813961640948129 4.821616421344558 7.699799136842093
4.42566870718119 4.98549259624457 7.80800324763549
4.813961640948129 4.821616421344558 7.699799136842093
5.030090851299989 4.856247286203078 7.608231588823062
4.7941969880569495 4.812171565131967 7.717750223404198
5.699632234434035 4.701932415757435 7.546240762490793
5.699632234434035 4.701932415757435 7.546240762490793
5.3605486291089095 4.773238268247376 7.875951435828135
4.7941969880569495 4.812171565131967 7.717750223404198
5.699632234434035 4.701932415757435 7.546240762490793
4.316455916675265 4.903393887586937 7.58743541705299
5.030090851299989 4.856247286203078 7.608231588823062
4.7941969880569495 4.812171565131967 7.717750223404198
6.9038955611907795 6.721041388280124 8.58271465054953
5.16917836447545 4.712970028218701 7.55883567571717
4.396854123432077 4.859124430138198 7.749804972437187
5.121874772327994 4.731553471154509 7.858639663988618
5.0985855316414925 4.913675029412991 7.695371791293878
4.379984594633816 5.043064898113225 7.780672432726142
5.093029727517784 4.655679744359388 7.5460375905648975
5.113683823452167 4.716343556614953 7.862159088486685
4.393922562737452 4.991351468124686 7.705870790602176
5.027759957293365 4.892536422070917 7.874770373429079
4.909552558082045 4.773354464735165 7.788417022446683
4.724812241159552 4.7973350544117315 7.810656498276636
4.786376984916948 4.807046649080209 7.607880212313969
5.0985855316414925 4.913675029412991 7.695371791293878
5.439087117800711 4.827912342549863 8.382780049809712
4.724812241159552 4.7973350544117315 7.810656498276636
5.3605486291089095 4.773238268247376 7.875951435828135
4.351687613603507 4.881396745630864 7.643383258484259
5.033205131770941 4.784127878442483 7.4902207416437765
10.80891911464025 12.465600927068435 8.108429115335946
4.9403152342827275 4.923858602032399 7.713728995383404
4.839781217495653 4.922707839645596 7.833844902327155
5.093029727517784 4.655679744359388 7.5460375905648975
4.786376984916948 4.807046649080209 7.607880212313969
6.51246352209564 5.703188354335078 7.480147169082854
14.495210311132004 13.97906777411111 8.09319449431135
6.098942019919827 5.454065872566326 7.334516471635779
5.439087117800711 4.827912342549863 8.382780049809712
4.845082355153893 4.818253017325747 7.624501474106122
4.923331360725054 4.867578048939183 7.73589809770324
4.389303560602714 5.025424324343185 7.543573084366693
6.243958865381102 5.714406722309185 7.60742273223462
5.16917836447545 4.712970028218701 7.55883567571717
5.699632234434035 4.701932415757435 7.546240762490793
4.839781217495653 4.922707839645596 7.833844902327155
4.839781217495653 4.922707839645596 7.833844902327155
4.698594876059316 4.793108072050773 7.55882391250127
4.786376984916948 4.807046649080209 7.607880212313969
3.95857901973622 4.928406870803957 7.309327125432327
5.620596936846703 4.917650184617601 7.357268433906408
4.698594876059316 4.793108072050773 7.55882391250127
9.377250322139183 10.053595899752223 8.585201916464023
5.620596936846703 4.917650184617601 7.357268433906408
4.698594876059316 4.793108072050773 7.55882391250127
4.418215051704687 5.023016455118068 7.84469110066728
4.761139460992761 4.815236468356344 7.565672426808834
4.513357593778265 4.850670499826622 7.803597846971725
5.526968860432593 4.817285450532821 7.354217408015928
5.113683823452167 4.716343556614953 7.862159088486685
4.513357593778265 4.850670499826622 7.803597846971725
5.917599592531521 5.260507244971137 7.924321950676549
4.909552558082045 4.773354464735165 7.788417022446683
4.389204843735 4.92100983222686 7.794570650917226
5.753804789534939 5.311601893851921 7.307556420710655
6.2467621230662616 5.603145027055984 7.594191832800779
5.317419965330333 4.831906543811372 7.752401479478657
5.753804789534939 5.311601893851921 7.307556420710655
4.362436451953396 4.915548640484296 7.89399402688936
5.779483612996567 5.2973430180134145 7.299046981507324
4.7941969880569495 4.812171565131967 7.717750223404198
5.2645062891950385 4.7638827523231395 7.360123019446457
5.124471010953383 4.893857614737066 7.639667387878465
4.743432467980353 4.784897909310209 7.6037573058187515
4.397251926428905 4.979617086892185 7.8087816489589255
3.9844250043835805 4.856915533122904 6.856727768112782
4.337741838586675 4.9823628573278285 7.760471699145078
6.744926376633045 7.138636842538164 8.290327412406443
4.379984594633816 5.043064898113225 7.780672432726142
4.401571842434528 5.004453640234616 7.709795246442281
6.006670624605721 4.878338893373912 8.574782465735215
4.930995355896784 4.936389572769774 7.721660867068938
3.9743845166964964 4.927490205999291 7.288587332108225
6.825484124752142 6.359742806589506 8.272044965869126
4.362436451953396 4.915548640484296 7.89399402688936
5.0985855316414925 4.913675029412991 7.695371791293878
5.121874772327994 4.731553471154509 7.858639663988618
4.362436451953396 4.915548640484296 7.89399402688936
4.743432467980353 4.784897909310209 7.6037573058187515
5.749241089214526 4.910870581552517 7.431041372116134
5.646859012913293 4.945283347910382 7.745504616978654
5.699632234434035 4.701932415757435 7.546240762490793
5.027759957293365 4.892536422070917 7.874770373429079
5.3605486291089095 4.773238268247376 7.875951435828135
4.495313553858926 5.027472049818171 7.6290792440332105
5.439087117800711 4.827912342549863 8.382780049809712
4.382185176863557 5.015815147856148 7.530306921660514
5.121874772327994 4.731553471154509 7.858639663988618
5.0985855316414925 4.913675029412991 7.695371791293878
7.331694953779596 8.018577506824668 8.805794857787797
6.891189438007904 7.034862897785868 8.421039153939809
5.0985855316414925 4.913675029412991 7.695371791293878
4.813961640948129 4.821616421344558 7.699799136842093
5.620596936846703 4.917650184617601 7.357268433906408
4.9403152342827275 4.923858602032399 7.713728995383404
6.282673640093635 5.752229760363345 8.05307300034128
4.316455916675265 4.903393887586937 7.58743541705299
4.7941969880569495 4.812171565131967 7.717750223404198
6.744926376633045 7.138636842538164 8.290327412406443
4.351687613603507 4.881396745630864 7.643383258484259
4.443760943911821 4.913728335215677 7.74368025619629
5.121874772327994 4.731553471154509 7.858639663988618
5.033205131770941 4.784127878442483 7.4902207416437765
5.16917836447545 4.712970028218701 7.55883567571717
4.724812241159552 4.7973350544117315 7.810656498276636
5.030090851299989 4.856247286203078 7.608231588823062
4.813961640948129 4.821616421344558 7.699799136842093
5.030090851299989 4.856247286203078 7.608231588823062
5.030090851299989 4.856247286203078 7.608231588823062
5.0985855316414925 4.913675029412991 7.695371791293878
5.311727519960968 4.866723672203856 7.571013343317042
5.2645062891950385 4.7638827523231395 7.360123019446457
7.331694953779596 8.018577506824668 8.805794857787797
6.568655434996455 6.233144301884358 7.673014089730937
7.5299492699919215 8.743390131439513 9.242445384354525
4.9403152342827275 4.923858602032399 7.713728995383404
5.646859012913293 4.945283347910382 7.745504616978654
4.761139460992761 4.815236468356344 7.565672426808834
5.699632234434035 4.701932415757435 7.546240762490793
5.033205131770941 4.784127878442483 7.4902207416437765
4.401571842434528 5.004453640234616 7.709795246442281
4.761139460992761 4.815236468356344 7.565672426808834
5.093029727517784 4.655679744359388 7.5460375905648975
4.513357593778265 4.850670499826622 7.803597846971725
4.393922562737452 4.991351468124686 7.705870790602176
5.317419965330333 4.831906543811372 7.752401479478657
4.698594876059316 4.793108072050773 7.55882391250127
9.076445268153286 9.75479383009532 9.259468051991874
9.076445268153286 9.75479383009532 9.259468051991874
5.646859012913293 4.945283347910382 7.745504616978654
6.51246352209564 5.703188354335078 7.480147169082854
4.923331360725054 4.867578048939183 7.73589809770324
5.646859012913293 4.945283347910382 7.745504616978654
5.779483612996567 5.2973430180134145 7.299046981507324
5.317419965330333 4.831906543811372 7.752401479478657
4.389204843735 4.92100983222686 7.794570650917226
6.098942019919827 5.454065872566326 7.334516471635779
4.316455916675265 4.903393887586937 7.58743541705299
5.121874772327994 4.731553471154509 7.858639663988618
5.113683823452167 4.716343556614953 7.862159088486685
4.761139460992761 4.815236468356344 7.565672426808834
4.909552558082045 4.773354464735165 7.788417022446683
4.845082355153893 4.818253017325747 7.624501474106122
5.121874772327994 4.731553471154509 7.858639663988618
5.646859012913293 4.945283347910382 7.745504616978654
5.0985855316414925 4.913675029412991 7.695371791293878
5.160648862090689 4.831752944464891 7.895499437208513
4.839781217495653 4.922707839645596 7.833844902327155
4.839781217495653 4.922707839645596 7.833844902327155
4.813961640948129 4.821616421344558 7.699799136842093
5.16917836447545 4.712970028218701 7.55883567571717
4.513357593778265 4.850670499826622 7.803597846971725
5.160648862090689 4.831752944464891 7.895499437208513
5.753804789534939 5.311601893851921 7.307556420710655
4.316455916675265 4.903393887586937 7.58743541705299
4.337741838586675 4.9823628573278285 7.760471699145078
5.027759957293365 4.892536422070917 7.874770373429079
5.160648862090689 4.831752944464891 7.895499437208513
5.0985855316414925 4.913675029412991 7.695371791293878
7.589959104031774 9.446569030447021 9.47091072351188
6.282673640093635 5.752229760363345 8.05307300034128
5.160648862090689 4.831752944464891 7.895499437208513
6.053447944881046 6.148030931177742 7.768339359345756
5.439087117800711 4.827912342549863 8.382780049809712
4.909552558082045 4.773354464735165 7.788417022446683
6.006670624605721 4.878338893373912 8.574782465735215
5.0985855316414925 4.913675029412991 7.695371791293878
5.3605486291089095 4.773238268247376 7.875951435828135
5.124471010953383 4.893857614737066 7.639667387878465
4.379984594633816 5.043064898113225 7.780672432726142
6.282673640093635 5.752229760363345 8.05307300034128
5.311727519960968 4.866723672203856 7.571013343317042
4.743432467980353 4.784897909310209 7.6037573058187515
4.443760943911821 4.913728335215677 7.74368025619629
4.355545992356299 4.827377784264583 7.617184446319264
6.842184854217277 6.888119560745046 8.35545695174156
4.930995355896784 4.936389572769774 7.721660867068938
5.917599592531521 5.260507244971137 7.924321950676549
5.160648862090689 4.831752944464891 7.895499437208513
4.7941969880569495 4.812171565131967 7.717750223404198
6.568655434996455 6.233144301884358 7.673014089730937
5.526968860432593 4.817285450532821 7.354217408015928
5.0985855316414925 4.913675029412991 7.695371791293878
4.443760943911821 4.913728335215677 7.74368025619629
5.124471010953383 4.893857614737066 7.639667387878465
4.786376984916948 4.807046649080209 7.607880212313969
4.355545992356299 4.827377784264583 7.617184446319264
5.160648862090689 4.831752944464891 7.895499437208513
6.568655434996455 6.233144301884358 7.673014089730937
6.891189438007904 7.034862897785868 8.421039153939809
4.761139460992761 4.815236468356344 7.565672426808834
4.7941969880569495 4.812171565131967 7.717750223404198
4.9403152342827275 4.923858602032399 7.713728995383404
5.3605486291089095 4.773238268247376 7.875951435828135
6.51246352209564 5.703188354335078 7.480147169082854
5.646859012913293 4.945283347910382 7.745504616978654
5.121874772327994 4.731553471154509 7.858639663988618
4.355545992356299 4.827377784264583 7.617184446319264
4.845082355153893 4.818253017325747 7.624501474106122
5.311727519960968 4.866723672203856 7.571013343317042
4.389204843735 4.864214893985894 7.7162582308649466
6.282673640093635 5.752229760363345 8.05307300034128
5.753804789534939 5.311601893851921 7.307556420710655
4.42566870718119 4.98549259624457 7.80800324763549
7.5299492699919215 8.743390131439513 9.242445384354525
7.339577565412169 9.047938935622703 9.241017078693508
5.3605486291089095 4.773238268247376 7.875951435828135
7.589959104031774 9.446569030447021 9.47091072351188
4.316455916675265 4.903393887586937 7.58743541705299
5.113683823452167 4.716343556614953 7.862159088486685
4.355545992356299 4.827377784264583 7.617184446319264
4.17744111463969 5.041663620571206 7.429339173381403
5.16917836447545 4.712970028218701 7.55883567571717
5.030090851299989 4.856247286203078 7.608231588823062
4.443760943911821 4.913728335215677 7.74368025619629
5.113683823452167 4.716343556614953 7.862159088486685
5.113683823452167 4.716343556614953 7.862159088486685
4.930995355896784 4.936389572769774 7.721660867068938
4.909552558082045 4.773354464735165 7.788417022446683
4.355545992356299 4.827377784264583 7.617184446319264
5.033205131770941 4.784127878442483 7.4902207416437765
4.743432467980353 4.784897909310209 7.6037573058187515
5.749241089214526 4.910870581552517 7.431041372116134
4.698594876059316 4.793108072050773 7.55882391250127
4.813961640948129 4.821616421344558 7.699799136842093
4.393922562737452 4.991351468124686 7.705870790602176
5.3605486291089095 4.773238268247376 7.875951435828135
5.033205131770941 4.784127878442483 7.4902207416437765
5.3605486291089095 4.773238268247376 7.875951435828135
5.160648862090689 4.831752944464891 7.895499437208513
4.389204843735 4.864214893985894 7.7162582308649466
4.389204843735 4.92100983222686 7.794570650917226
4.743432467980353 4.784897909310209 7.6037573058187515
4.396854123432077 4.859124430138198 7.749804972437187
5.699632234434035 4.701932415757435 7.546240762490793
6.2467621230662616 5.603145027055984 7.594191832800779
5.124471010953383 4.893857614737066 7.639667387878465
5.16917836447545 4.712970028218701 7.55883567571717
6.51246352209564 5.703188354335078 7.480147169082854
30.94073078395745 15.731713452008913 10.478321455565748
5.2645062891950385 4.7638827523231395 7.360123019446457
5.646859012913293 4.945283347910382 7.745504616978654
5.439087117800711 4.827912342549863 8.382780049809712
4.355545992356299 4.827377784264583 7.617184446319264
5.2645062891950385 4.7638827523231395 7.360123019446457
4.7941969880569495 4.812171565131967 7.717750223404198
4.362436451953396 4.915548640484296 7.89399402688936
4.845082355153893 4.818253017325747 7.624501474106122
4.909552558082045 4.773354464735165 7.788417022446683
4.909552558082045 4.773354464735165 7.788417022446683
4.7941969880569495 4.812171565131967 7.717750223404198
6.006670624605721 4.878338893373912 8.574782465735215
4.724812241159552 4.7973350544117315 7.810656498276636
7.589959104031774 9.446569030447021 9.47091072351188
4.845082355153893 4.818253017325747 7.624501474106122
5.030090851299989 4.856247286203078 7.608231588823062
4.839781217495653 4.922707839645596 7.833844902327155
4.909552558082045 4.773354464735165 7.788417022446683
5.317419965330333 4.831906543811372 7.752401479478657
4.351687613603507 4.881396745630864 7.643383258484259
5.0985855316414925 4.913675029412991 7.695371791293878
5.160648862090689 4.831752944464891 7.895499437208513
4.351687613603507 4.881396745630864 7.643383258484259
5.0985855316414925 4.913675029412991 7.695371791293878
5.121874772327994 4.731553471154509 7.858639663988618
5.093029727517784 4.655679744359388 7.5460375905648975
5.749241089214526 4.910870581552517 7.431041372116134
5.439087117800711 4.827912342549863 8.382780049809712
4.382185176863557 5.015815147856148 7.530306921660514
5.027759957293365 4.892536422070917 7.874770373429079
4.9403152342827275 4.923858602032399 7.713728995383404
5.779483612996567 5.2973430180134145 7.299046981507324
4.839781217495653 4.922707839645596 7.833844902327155
5.749241089214526 4.910870581552517 7.431041372116134
5.526968860432593 4.817285450532821 7.354217408015928
5.620596936846703 4.917650184617601 7.357268433906408
5.030090851299989 4.856247286203078 7.608231588823062
4.743432467980353 4.784897909310209 7.6037573058187515
4.513357593778265 4.850670499826622 7.803597846971725
5.779483612996567 5.2973430180134145 7.299046981507324
5.439087117800711 4.827912342549863 8.382780049809712
5.439087117800711 4.827912342549863 8.382780049809712
5.0985855316414925 4.913675029412991 7.695371791293878
4.39675421320161 4.860516771247589 7.816293675089249
4.761139460992761 4.815236468356344 7.565672426808834
5.917599592531521 5.260507244971137 7.924321950676549
5.311727519960968 4.866723672203856 7.571013343317042
4.382185176863557 5.015815147856148 7.530306921660514
4.813961640948129 4.821616421344558 7.699799136842093
5.317419965330333 4.831906543811372 7.752401479478657
5.16917836447545 4.712970028218701 7.55883567571717
5.749241089214526 4.910870581552517 7.431041372116134
4.513357593778265 4.850670499826622 7.803597846971725
5.160648862090689 4.831752944464891 7.895499437208513
5.779483612996567 5.2973430180134145 7.299046981507324
5.3605486291089095 4.773238268247376 7.875951435828135
4.9403152342827275 4.923858602032399 7.713728995383404
5.033205131770941 4.784127878442483 7.4902207416437765
5.124471010953383 4.893857614737066 7.639667387878465
4.389303560602714 5.025424324343185 7.543573084366693
4.355545992356299 4.827377784264583 7.617184446319264
4.389204843735 4.864214893985894 7.7162582308649466
4.839781217495653 4.922707839645596 7.833844902327155
5.311727519960968 4.866723672203856 7.571013343317042
5.16917836447545 4.712970028218701 7.55883567571717
6.282673640093635 5.752229760363345 8.05307300034128
5.030090851299989 4.856247286203078 7.608231588823062
5.160648862090689 4.831752944464891 7.895499437208513
5.646859012913293 4.945283347910382 7.745504616978654
5.027759957293365 4.892536422070917 7.874770373429079
4.786376984916948 4.807046649080209 7.607880212313969
4.930995355896784 4.936389572769774 7.721660867068938
6.842184854217277 6.888119560745046 8.35545695174156
4.397251926428905 4.979617086892185 7.8087816489589255
3.950487042998755 4.9407191565227775 7.535116432898061
4.743432467980353 4.784897909310209 7.6037573058187515
6.243958865381102 5.714406722309185 7.60742273223462
5.311727519960968 4.866723672203856 7.571013343317042
4.909552558082045 4.773354464735165 7.788417022446683
4.401571842434528 5.004453640234616 7.709795246442281
6.568655434996455 6.233144301884358 7.673014089730937
4.724812241159552 4.7973350544117315 7.810656498276636
4.196873511455831 4.952369875217424 7.33983415597483
4.724812241159552 4.7973350544117315 7.810656498276636
5.030090851299989 4.856247286203078 7.608231588823062
6.825484124752142 6.359742806589506 8.272044965869126
5.027759957293365 4.892536422070917 7.874770373429079
6.053447944881046 6.148030931177742 7.768339359345756
5.439087117800711 4.827912342549863 8.382780049809712
4.786376984916948 4.807046649080209 7.607880212313969
5.699632234434035 4.701932415757435 7.546240762490793
5.439087117800711 4.827912342549863 8.382780049809712
4.443760943911821 4.913728335215677 7.74368025619629
5.16917836447545 4.712970028218701 7.55883567571717
4.813961640948129 4.821616421344558 7.699799136842093
4.845082355153893 4.818253017325747 7.624501474106122
5.0985855316414925 4.913675029412991 7.695371791293878
5.027759957293365 4.892536422070917 7.874770373429079
6.2467621230662616 5.603145027055984 7.594191832800779
5.317419965330333 4.831906543811372 7.752401479478657
6.053447944881046 6.148030931177742 7.768339359345756
4.396854123432077 4.859124430138198 7.749804972437187
5.0985855316414925 4.913675029412991 7.695371791293878
4.7941969880569495 4.812171565131967 7.717750223404198
5.160648862090689 4.831752944464891 7.895499437208513
4.362436451953396 4.915548640484296 7.89399402688936
6.006670624605721 4.878338893373912 8.574782465735215
5.526968860432593 4.817285450532821 7.354217408015928
6.51246352209564 5.703188354335078 7.480147169082854
4.845082355153893 4.818253017325747 7.624501474106122
4.379984594633816 5.043064898113225 7.780672432726142
4.39675421320161 4.860516771247589 7.816293675089249
6.098942019919827 5.454065872566326 7.334516471635779
6.51246352209564 5.703188354335078 7.480147169082854
4.316455916675265 4.903393887586937 7.58743541705299
4.351687613603507 4.881396745630864 7.643383258484259
4.930995355896784 4.936389572769774 7.721660867068938
5.311727519960968 4.866723672203856 7.571013343317042
5.749241089214526 4.910870581552517 7.431041372116134
10.84588618445825 10.961098250490814 8.140396876864198
5.3605486291089095 4.773238268247376 7.875951435828135
4.362436451953396 4.915548640484296 7.89399402688936
4.9403152342827275 4.923858602032399 7.713728995383404
4.786376984916948 4.807046649080209 7.607880212313969
5.093029727517784 4.655679744359388 7.5460375905648975
6.744926376633045 7.138636842538164 8.290327412406443
5.779483612996567 5.2973430180134145 7.299046981507324
4.443760943911821 4.913728335215677 7.74368025619629
5.526968860432593 4.817285450532821 7.354217408015928
6.098942019919827 5.454065872566326 7.334516471635779
4.42566870718119 4.98549259624457 7.80800324763549
27.151194365986612 18.227021681745768 11.887576395976952
5.3605486291089095 4.773238268247376 7.875951435828135
4.355545992356299 4.827377784264583 7.617184446319264
7.589959104031774 9.446569030447021 9.47091072351188
4.761139460992761 4.815236468356344 7.565672426808834
5.620596936846703 4.917650184617601 7.357268433906408
10.80891911464025 12.465600927068435 8.108429115335946
4.355545992356299 4.827377784264583 7.617184446319264
4.698594876059316 4.793108072050773 7.55882391250127
4.698594876059316 4.793108072050773 7.55882391250127
4.761139460992761 4.815236468356344 7.565672426808834
4.355545992356299 4.827377784264583 7.617184446319264
5.160648862090689 4.831752944464891 7.895499437208513
5.526968860432593 4.817285450532821 7.354217408015928
4.923331360725054 4.867578048939183 7.73589809770324
4.7941969880569495 4.812171565131967 7.717750223404198
5.779483612996567 5.2973430180134145 7.299046981507324
5.439087117800711 4.827912342549863 8.382780049809712
4.7941969880569495 4.812171565131967 7.717750223404198
4.39675421320161 4.860516771247589 7.816293675089249
4.839781217495653 4.922707839645596 7.833844902327155
5.317419965330333 4.831906543811372 7.752401479478657
10.169214927294703 12.005767925112416 8.04566699749028
5.160648862090689 4.831752944464891 7.895499437208513
5.646859012913293 4.945283347910382 7.745504616978654
4.9403152342827275 4.923858602032399 7.713728995383404
5.917599592531521 5.260507244971137 7.924321950676549
4.268148296829486 4.987980613624958 7.769799335927975
5.030090851299989 4.856247286203078 7.608231588823062
5.0985855316414925 4.913675029412991 7.695371791293878
5.3605486291089095 4.773238268247376 7.875951435828135
6.053447944881046 6.148030931177742 7.768339359345756
4.930995355896784 4.936389572769774 7.721660867068938
4.909552558082045 4.773354464735165 7.788417022446683
4.418215051704687 5.023016455118068 7.84469110066728
5.311727519960968 4.866723672203856 7.571013343317042
4.39675421320161 4.860516771247589 7.816293675089249
4.17744111463969 5.041663620571206 7.429339173381403
4.401571842434528 5.004453640234616 7.709795246442281
4.724812241159552 4.7973350544117315 7.810656498276636
6.098942019919827 5.454065872566326 7.334516471635779
4.724812241159552 4.7973350544117315 7.810656498276636
4.923331360725054 4.867578048939183 7.73589809770324
4.362436451953396 4.915548640484296 7.89399402688936
5.160648862090689 4.831752944464891 7.895499437208513
4.786376984916948 4.807046649080209 7.607880212313969
6.891189438007904 7.034862897785868 8.421039153939809
5.093029727517784 4.655679744359388 7.5460375905648975
4.743432467980353 4.784897909310209 7.6037573058187515
4.39675421320161 4.860516771247589 7.816293675089249
5.699632234434035 4.701932415757435 7.546240762490793
5.3605486291089095 4.773238268247376 7.875951435828135
4.7941969880569495 4.812171565131967 7.717750223404198
5.439087117800711 4.827912342549863 8.382780049809712
4.9403152342827275 4.923858602032399 7.713728995383404
5.0985855316414925 4.913675029412991 7.695371791293878
6.9038955611907795 6.721041388280124 8.58271465054953
4.743432467980353 4.784897909310209 7.6037573058187515
4.786376984916948 4.807046649080209 7.607880212313969
4.316455916675265 4.903393887586937 7.58743541705299
5.526968860432593 4.817285450532821 7.354217408015928
5.124471010953383 4.893857614737066 7.639667387878465
6.825484124752142 6.359742806589506 8.272044965869126
4.761139460992761 4.815236468356344 7.565672426808834
8.435709039728268 9.252584900238206 9.062859745582525
5.093029727517784 4.655679744359388 7.5460375905648975
5.033205131770941 4.784127878442483 7.4902207416437765
6.243958865381102 5.714406722309185 7.60742273223462
4.362436451953396 4.915548640484296 7.89399402688936
4.389303560602714 5.025424324343185 7.543573084366693
4.761139460992761 4.815236468356344 7.565672426808834
5.311727519960968 4.866723672203856 7.571013343317042
6.744926376633045 7.138636842538164 8.290327412406443
5.093029727517784 4.655679744359388 7.5460375905648975
6.568655434996455 6.233144301884358 7.673014089730937
4.845082355153893 4.818253017325747 7.624501474106122
4.923331360725054 4.867578048939183 7.73589809770324
5.030090851299989 4.856247286203078 7.608231588823062
5.113683823452167 4.716343556614953 7.862159088486685
4.839781217495653 4.922707839645596 7.833844902327155
4.351687613603507 4.881396745630864 7.643383258484259
4.9403152342827275 4.923858602032399 7.713728995383404
4.393922562737452 4.991351468124686 7.705870790602176
4.698594876059316 4.793108072050773 7.55882391250127
4.839781217495653 4.922707839645596 7.833844902327155
4.513357593778265 4.850670499826622 7.803597846971725
4.909552558082045 4.773354464735165 7.788417022446683
5.699632234434035 4.701932415757435 7.546240762490793
4.39675421320161 4.860516771247589 7.816293675089249
7.339577565412169 9.047938935622703 9.241017078693508
3.9743845166964964 4.900236742922805 7.217867080445682
6.243958865381102 5.714406722309185 7.60742273223462
5.3605486291089095 4.773238268247376 7.875951435828135
4.786376984916948 4.807046649080209 7.607880212313969
9.076445268153286 9.75479383009532 9.259468051991874
5.526968860432593 4.817285450532821 7.354217408015928
5.3605486291089095 4.773238268247376 7.875951435828135
4.786376984916948 4.807046649080209 7.607880212313969
5.2645062891950385 4.7638827523231395 7.360123019446457
4.930995355896784 4.936389572769774 7.721660867068938
4.839781217495653 4.922707839645596 7.833844902327155
4.7941969880569495 4.812171565131967 7.717750223404198
4.355545992356299 4.827377784264583 7.617184446319264
4.513357593778265 4.850670499826622 7.803597846971725
5.160648862090689 4.831752944464891 7.895499437208513
6.842184854217277 6.888119560745046 8.35545695174156
5.439087117800711 4.827912342549863 8.382780049809712
4.813961640948129 4.821616421344558 7.699799136842093
4.389303560602714 5.025424324343185 7.543573084366693
5.030090851299989 4.856247286203078 7.608231588823062
4.196873511455831 4.952369875217424 7.33983415597483
5.16917836447545 4.712970028218701 7.55883567571717
5.620596936846703 4.917650184617601 7.357268433906408
4.397251926428905 4.979617086892185 7.8087816489589255
6.098942019919827 5.454065872566326 7.334516471635779
4.724812241159552 4.7973350544117315 7.810656498276636
6.842184854217277 6.888119560745046 8.35545695174156
5.749241089214526 4.910870581552517 7.431041372116134
4.389303560602714 5.025424324343185 7.543573084366693
5.030090851299989 4.856247286203078 7.608231588823062
4.316455916675265 4.903393887586937 7.58743541705299
4.316455916675265 4.903393887586937 7.58743541705299
4.839781217495653 4.922707839645596 7.833844902327155
5.033205131770941 4.784127878442483 7.4902207416437765
4.397251926428905 4.979617086892185 7.8087816489589255
5.160648862090689 4.831752944464891 7.895499437208513
5.160648862090689 4.831752944464891 7.895499437208513
4.698594876059316 4.793108072050773 7.55882391250127
5.160648862090689 4.831752944464891 7.895499437208513
5.121874772327994 4.731553471154509 7.858639663988618
4.351687613603507 4.881396745630864 7.643383258484259
4.845082355153893 4.818253017325747 7.624501474106122
5.526968860432593 4.817285450532821 7.354217408015928
5.113683823452167 4.716343556614953 7.862159088486685
4.396854123432077 4.859124430138198 7.749804972437187
6.243958865381102 5.714406722309185 7.60742273223462
4.909552558082045 4.773354464735165 7.788417022446683
5.033205131770941 4.784127878442483 7.4902207416437765
4.845082355153893 4.818253017325747 7.624501474106122
5.3605486291089095 4.773238268247376 7.875951435828135
5.124471010953383 4.893857614737066 7.639667387878465
5.0985855316414925 4.913675029412991 7.695371791293878
3.9334415884533005 4.956007459413212 7.225701026514098
4.351687613603507 4.881396745630864 7.643383258484259
7.93554104466397 9.759594017733729 8.43489530694888
4.382185176863557 5.015815147856148 7.530306921660514
5.526968860432593 4.817285450532821 7.354217408015928
5.699632234434035 4.701932415757435 7.546240762490793
4.362436451953396 4.915548640484296 7.89399402688936
5.124471010953383 4.893857614737066 7.639667387878465
8.317685553810039 9.310532947618258 8.578695740383536
4.761139460992761 4.815236468356344 7.565672426808834
4.396854123432077 4.859124430138198 7.749804972437187
4.382185176863557 5.015815147856148 7.530306921660514
4.786376984916948 4.807046649080209 7.607880212313969
