53.371034
70.803230
74.268030
59.281662
64.852621
43.629848
54.954468
66.527324
57.474656
57.996842
87.443011
54.695990
67.127762
56.128687
66.318397
45.035473
29.984574
104.136395
54.622190
65.511986
84.060106
65.394736
59.086411
64.309432
49.296706
85.171537
53.512670
65.874333
58.291733
72.392281
51.007171
76.911589
35.112289
60.328085
101.137538
49.535895
73.886920
54.548034
60.775525
59.215903
77.469351
59.434321
37.856437
49.801051
89.460769
83.729707
70.418505
90.643370
63.103615
84.134671
42.931582
50.990801
65.485153
52.243824
65.446402
58.721674
54.685818
62.633745
61.130775
53.583928
66.787352
51.332352
69.812497
66.485072
93.009940
65.061218
85.615921
81.976687
69.857217
41.118951
47.385681
84.496547
71.952841
42.308141
64.489706
63.754154
59.864847
35.023203
90.879818
67.309643
71.201199
47.327703
70.053529
58.582121
52.733134
68.845854
56.997275
55.185266
72.097833
79.318891
64.413172
69.128824
46.826321
53.092821
51.807576
67.239686
86.288138
58.448299
58.686425
54.995177
82.110375
52.874036
70.425603
64.360145
55.620796
59.077221
72.108587
111.853788
56.235733
53.627144
75.037261
73.542641
82.143041
87.750376
67.272878
65.286226
69.285678
64.768214
76.792690
71.160745
72.565141
94.468736
97.534941
67.861289
67.607226
41.503109
70.843649
76.204454
66.295057
61.816239
44.567128
66.913120
60.291452
75.361695
32.906738
63.383679
50.431299
41.505285
74.174665
53.074740
61.123562
45.738037
50.702795
64.705122
71.831472
53.877692
48.592012
89.893898
37.347153
85.448229
58.227410
94.502646
68.163222
54.215370
52.270876
41.717089
61.947323
68.409179
63.207738
71.255320
91.321885
64.575315
84.999239
54.205964
79.468463
65.715211
63.379831
73.934278
72.226589
71.231514
45.600511
65.279185
43.918103
78.527017
53.111407
58.093652
82.683757
79.498139
82.237380
71.351006
52.458778
65.637876
59.283420
46.789449
67.691706
82.650593
91.548258
40.631740
83.854126
88.602885
43.655536
37.483195
75.647524
76.246369
61.706068
82.028566
54.811990
83.400642
79.554181
55.378752
53.221891
80.213868
99.508815
64.019208
84.848102
72.151412
41.938521
57.209629
84.490853
90.417023
50.028594
66.212256
55.313901
35.528733
50.234715
57.825426
62.241770
70.954604
93.128819
63.903030
70.895566
46.710534
30.635768
46.600155
69.023668
69.132680
58.892670
81.708965
77.916369
61.075599
78.166737
68.329270
26.005354
39.032898
74.967714
70.887762
93.244255
61.386556
46.859574
55.450991
52.033555
49.082496
48.818704
42.739435
68.079851
70.914471
78.840826
59.018889
87.179854
53.318194
84.103759
73.889141
74.020397
43.884714
62.230557
56.823818
74.663948
91.080930
72.010573
58.275099
54.618606
53.519267
61.510904
56.134217
58.604275
66.951950
49.016216
74.410465
62.656147
82.384131
84.305929
66.047802
58.771321
57.496431
56.171034
71.263711
55.138740
45.890142
76.087491
51.466813
56.016468
63.379533
64.584882
60.446703
60.458825
53.772764
72.582325
55.072061
76.861618
31.596359
81.444840
54.790415
74.824045
22.469425
33.968216
55.627832
53.647337
61.413169
84.656964
64.502201
79.893649
61.964294
75.099829
72.606142
72.326779
97.234600
105.008715
61.977342
88.812309
48.923235
49.985353
41.590180
57.632135
72.145405
79.407828
70.433225
75.957459
77.393918
73.343184
65.737277
59.672106
94.535227
64.222792
76.804012
38.295479
31.389065
76.251273
52.108302
79.990186
87.876394
40.129309
90.942449
75.015744
74.284614
61.863999
64.544382
57.633003
61.136013
74.300256
63.546633
69.492637
66.711895
52.647430
66.787884
41.621382
45.660955
68.155021
52.496670
63.639666
59.917410
67.211980
40.736836
50.292940
58.187681
79.788635
81.055973
70.922750
67.732338
76.987627
62.101216
77.451916
47.549255
63.345985
77.713051
80.603891
41.073185
66.231931
42.141957
70.440038
49.454394
64.891265
74.124183
81.902913
57.601177
36.480535
67.499159
87.077174
40.837956
91.877189
54.891746
65.325483
55.133535
49.306028
63.449749
72.353612
84.866053
49.863552
58.506376
52.571174
65.789482
47.932782
61.310864
69.519109
61.902880
67.038303
60.363998
61.147102
73.914049
62.109600
52.552429
79.239102
81.518449
75.216296
116.192504
54.931605
85.575294
47.708592
53.897928
77.926431
67.056397
68.281397
81.335046
61.834729
62.919175
56.708378
83.606479
72.489057
44.570518
71.582325
65.637983
68.605642
69.534059
59.524296
87.130786
49.155669
59.282938
60.800636
92.159742
82.856616
61.098365
85.090879
85.445859
65.555947
53.236076
70.221288
44.769570
82.071238
55.126320
83.667170
78.705420
99.026413
66.384721
62.635329
60.433279
62.531672
89.424084
68.029721
63.015448
47.401556
40.106094
87.516570
65.656366
76.745090
60.054220
62.195609
76.790840
69.268177
62.587801
71.605957
53.983486
65.922271
55.861737
59.885947
77.738311
49.204329
77.489200
43.926043
46.692735
82.037990
76.038775
50.243209
49.115999
49.354619
59.622911
70.478382
85.246898
80.116361
91.560108
68.662865
48.079586
81.249508
81.745906
70.181066
63.419390
81.817538
63.787077
68.508595
40.303297
71.069747
66.604560
79.086677
58.944739
53.626386
78.653016
59.705130
51.962878
70.619029
76.294077
54.432997
71.805204
63.634494
83.570494
42.231761
33.301158
73.292419
71.244466
70.697115
85.300319
59.449333
63.324311
65.755469
45.351010
75.089262
56.868067
61.767809
60.319047
84.307542
48.819928
68.823813
52.869524
40.831257
65.829033
74.968083
55.997264
68.142888
56.823338
55.841491
67.663862
51.492892
45.636993
70.344634
57.832381
72.895095
34.792665
69.541790
42.028913
82.123105
47.668999
67.680029
71.678866
73.905157
75.546517
71.935857
68.367466
57.577591
51.768137
39.770877
72.035665
45.450611
68.527977
94.511522
72.802094
77.904241
50.219809
53.335583
47.726870
66.896209
77.438362
57.595062
66.484109
65.358277
60.585133
59.093222
53.898385
70.531848
62.905778
88.644405
69.226195
44.466448
48.378194
47.182891
72.257301
67.500737
53.119316
66.188212
84.469865
84.678694
68.753337
60.951836
61.814392
54.987433
57.712814
51.453076
73.412652
44.878270
57.700332
67.306659
67.241884
72.051156
58.726372
72.752675
66.639256
80.045609
96.442108
57.988584
54.497077
67.871166
75.714395
41.685753
86.957724
92.038379
61.519258
50.405846
58.647054
76.398890
44.092180
88.070353
34.139188
70.488960
79.093548
66.200762
51.331743
83.963154
42.058831
51.547313
63.008488
57.226631
61.088532
83.962809
58.581762
68.291573
65.138388
70.757575
79.997713
63.949409
45.514901
59.530110
77.138718
70.409632
48.690994
56.445660
60.703902
65.555144
51.372675
56.436726
81.529400
53.404202
73.677032
65.328411
65.009088
57.673190
45.390884
62.885793
69.137942
61.858194
69.593679
80.300018
67.717279
84.800955
56.362945
84.914096
90.090924
54.324769
79.109243
84.509020
69.389570
39.189479
59.478317
61.813843
69.036771
65.240904
83.168177
74.401817
58.323578
78.029266
42.943857
55.758233
83.735185
58.708210
66.741010
71.551221
71.514858
48.900079
71.607061
48.114329
104.251977
57.098984
76.419154
65.861401
73.972204
57.473406
63.730179
70.535063
67.515249
61.770569
98.563470
63.972155
79.232567
64.965003
70.473066
68.132351
70.117509
54.564166
44.137897
49.297393
73.284791
54.661512
76.745094
64.626617
53.357390
48.956708
54.506275
58.298571
39.609862
61.861395
58.847111
57.393136
62.706436
43.973987
64.594168
87.663931
73.927306
81.292622
79.280351
87.751580
54.350732
47.647114
60.904661
66.442139
70.997470
67.855098
48.701780
73.939214
63.146143
38.551893
51.573303
78.750066
55.178335
60.388632
67.081182
77.289886
81.800586
51.859685
76.121320
56.776470
43.568177
72.419161
56.116983
48.296283
47.395327
74.974336
68.025941
64.993511
69.665364
97.472484
77.713227
70.120825
74.268710
68.374441
57.871150
78.453658
62.950993
57.083701
69.343366
61.773581
65.872153
56.159890
76.629322
82.137140
57.898101
84.272302
55.036217
70.783467
56.739315
68.838081
67.558912
45.972765
82.971895
72.135004
64.769016
46.205445
68.017506
80.098215
62.016579
41.166402
49.532804
69.768059
46.231564
69.934937
63.657356
59.900104
73.905770
70.054899
53.698348
43.589457
66.935077
70.115067
70.835157
46.569453
52.763027
64.504359
66.890099
60.124776
50.902313
78.113802
58.940436
65.480187
72.816756
75.332664
83.285744
70.131649
71.835063
71.057745
56.417314
62.008124
47.219499
92.421628
72.112861
85.281318
63.821580
64.875882
66.421481
51.732991
55.727450
58.884853
66.277336
83.462351
80.552231
87.700134
79.123058
73.737069
80.941134
59.947649
82.839010
75.158564
73.015612
56.624997
52.827596
70.199883
58.024313
41.130899
68.734870
42.401389
88.098633
58.571943
66.510408
63.933729
73.640059
77.746394
82.570298
57.754530
55.766680
33.822184
86.136187
75.102033
80.019288
36.004479
75.693171
89.269330
77.160723
44.405331
70.502073
50.656908
82.245376
96.234445
74.052872
52.946350
71.108330
54.981241
79.399783
86.574403
60.581071
46.979623
59.904125
56.337841
66.739130
47.648802
64.590768
74.922850
72.184235
67.182475
59.400301
60.383228
70.517850
62.507479
47.948055
98.239030
75.357892
70.986990
53.139663
69.633742
77.223136
100.036320
90.354116
49.292731
53.550726
53.307089
72.249691
38.181038
66.501386
72.134944
53.191098
77.528764
74.261832
81.577992
82.575718
99.719564
53.192035
32.147793
76.374760
67.939684
60.362813
80.779204
69.896960
62.407773
42.743954
90.047229
45.580387
76.818097
86.981972
84.595170
62.467766
78.904416
114.337989
72.826143
83.888917
80.123636
70.571524
48.692499
88.448995
75.068670
70.628406
56.698478
87.499166
68.010843
32.790011
59.548832
76.011872
68.280225
52.866280
47.729666
31.759673
75.898718
96.303363
79.665038
70.116917
83.591183
52.522503
53.608590
57.685223
65.029241
88.260338
69.333953
58.932692
68.894134
41.638935
88.726108
51.360131
60.648395
77.773393
43.062830
81.542057
73.285574
60.787938
77.852239
74.125760
81.988588
73.745426
50.400959
73.126311
70.578331
76.573244
67.312159
73.385732
73.554302
55.152224
35.776129
79.326272
55.210313
50.576973
78.871329
57.028188
62.892805
44.717171
49.623378
58.223663
72.991223
63.379700
37.696372
58.659633
73.753661
77.003867
81.629735
59.254782
95.748023
92.227114
61.926135
39.672575
54.287356
65.205703
67.324208
79.330008
65.743614
74.511591
45.529479
93.846802
74.780495
75.177651
81.720808
84.986028
