8.089862590457401e-73
5.623189433322457e-61
3.057577418825888e-53
4.571679105828258e-53
5.285829229266573e-48
1.0323305893771039e-47
5.512272011083571e-44
1.3274768464870537e-40
1.7945677167336884e-32
5.045697624039506e-37
1.799134351381216e-33
1.6742633096023162e-32
4.7591484247184645e-30
1.981920944088684e-32
4.327304852750462e-28
6.567376446821546e-27
4.660813899544548e-25
4.591991224716621e-26
5.177953288481299e-24
7.308854329280207e-25
1.3371648957907774e-22
6.0279422986483535e-24
2.4593781131199266e-25
7.532235660489182e-22
2.3175918559143463e-21
2.3048184387723825e-20
2.7729871674885397e-20
1.3005748196799436e-19
7.609822024354924e-20
2.0760644533942315e-20
4.96164900741969e-19
6.783750508313826e-19
1.4474628992202356e-18
1.866299171350048e-18
1.5192835530802544e-18
2.945708662001698e-17
1.5905781410791622e-18
3.6060083055622134e-17
2.0182193567604553e-17
1.39494766402191e-16
3.2987847719048567e-16
3.5525773953280383e-16
1.5991794047102954e-17
2.543676197219261e-16
1.6702318863999133e-14
8.28551586231351e-15
6.500875469474594e-15
3.305334273775124e-15
3.348246366002952e-15
5.032617349105929e-15
2.823121797255358e-15
7.728946283360725e-15
3.093397532143529e-14
9.82412935401933e-13
7.957731344004093e-13
3.4815680442595434e-13
3.98572661983186e-13
6.936755909255238e-12
4.710076988319827e-12
7.98803878054235e-11
5.4860661731371974e-12
4.556931713333362e-12
2.4494926627218315e-11
1.644715727225726e-11
1.2741076285419942e-11
2.858470190205185e-11
4.231232464608008e-11
2.6652461560059957e-10
1.397007469142716e-09
1.7915594692505997e-09
2.9473141129160706e-10
5.374724278455118e-10
1.6452844094869414e-09
2.4900723838392313e-10
4.6412249404400434e-09
3.8399596367813944e-09
3.500035154332563e-09
5.603367685885996e-09
7.319858299297189e-09
4.1324261685964185e-09
9.618343154313181e-09
1.2906652134867141e-08
2.3295948085224884e-08
1.0013883667221262e-07
1.1002971436542568e-07
1.30628456927353e-07
9.27021909387078e-06
8.356174751932815e-06
1.9768474395847354e-05
2.1701432406722686e-05
1.9697815268816515e-05
2.2558578946507905e-05
3.8565429564922886e-05
2.473390567062266e-05
4.3835560840157074e-05
5.205792639107776e-05
8.062847236196814e-05
5.205792639107776e-05
9.119586000660204e-05
0.00011159959849698594
6.484509165173725e-05
0.00026546423648335203
0.00020418362812803521
0.00020006339664944715
0.0004767685361179643
0.000698618664919822
0.0010482257745812703
0.0012783520440265161
0.0015654934202429575
0.0017052246779034037
0.002094890688639309
0.0021730066579885438
0.005508371715575725
0.00589233210196642
0.010255086376184958
0.012504846218562762
0.02331215315312808
0.006628618971352367
0.006628618971352367
0.004027012740605769
0.006628618971352367
0.006628618971352367
0.004517190781058971
0.004027012740605769
0.004517190781058971
0.006941395111815524
0.0032979059154035245
0.003791912990195819
0.003791912990195819
0.003791912990195819
0.006129997403998881
0.003791912990195819
0.00641253370906741
0.003791912990195819
0.010214128643451021
0.0039711137731293965
0.0039711137731293965
0.009226191391976493
0.006286310719343289
0.006286310719343289
0.009044792127264827
0.009044792127264827
0.009044792127264827
0.006286310719343289
0.009044792127264827
0.00401543056079483
0.008943443455782669
0.003957129360045719
0.003957129360045719
0.003881125854246053
0.006145024834191869
0.003881125854246053
0.006076051544479432
0.003881125854246053
0.003881125854246053
0.003881125854246053
0.003596198172951246
0.003881125854246053
0.0032002579307158683
0.003596198172951246
0.0036370210028154426
0.003455590186786489
0.00319379151669408
0.0034170133374459813
0.003412153237217325
0.003229848272110958
0.0028757057715017914
0.003428917297624725
0.0029204752725752554
0.0028900134389931564
0.0028900134389931564
0.0028034369835956306
0.0029575518602686906
0.0029887015185377525
0.0029575518602686906
0.0029887015185377525
0.0029575518602686906
0.002974076488114128
0.002287120208417463
0.0022360919476946592
0.002311208716845511
0.0023416257456549943
0.0023243012322462587
0.0005488478986314052
0.0005183967475295
0.0008766541183104264
0.0009755451691462593
0.00041564244984682757
0.00041564244984682757
0.00041564244984682757
0.00041564244984682757
0.00036010778811217033
0.00036010778811217033
0.00036010778811217033
0.00041564244984682757
0.00033165205548803424
0.00033165205548803424
0.00033165205548803424
0.0003289497548752149
0.0003289497548752149
0.0003206056965267819
0.0003206056965267819
0.0003206056965267819
0.0003206056965267819
0.0003206056965267819
0.0003206056965267819
0.0003206056965267819
0.00016356519938606407
0.0003206056965267819
0.0003206056965267819
0.0003206056965267819
0.0003206056965267819
0.0003206056965267819
0.0003206056965267819
0.0003206056965267819
0.00013309763189481739
0.0003206056965267819
0.0003206056965267819
0.00016356519938606407
0.00013309763189481739
0.00013309763189481739
0.0002624242732066757
0.00013309763189481739
0.00012979405612003277
0.00013309763189481739
0.00012979405612003277
0.00025605180926512294
0.00012979405612003277
0.00012979405612003277
0.00012979405612003277
0.00012979405612003277
0.00012979405612003277
0.00012979405612003277
0.0001281065485384608
0.00012979405612003277
0.00012979405612003277
0.0001281065485384608
0.00012979405612003277
0.00012979405612003277
0.00012979405612003277
0.00012979405612003277
0.00012979405612003277
0.00012979405612003277
0.00012979405612003277
0.00012979405612003277
0.00012979405612003277
0.00012979405612003277
0.00013929115833996288
0.00012979405612003277
0.00012979405612003277
0.00012979405612003277
0.00012979405612003277
0.00012979405612003277
0.00015747680819301824
0.00015235992832294504
0.00015235992832294504
0.00015235992832294504
0.00015235992832294504
0.00015235992832294504
0.00015235992832294504
0.00015235992832294504
0.00015235992832294504
0.00015235992832294504
0.00015235992832294504
0.00015235992832294504
0.00015235992832294504
0.00015235992832294504
0.00015235992832294504
0.00015235992832294504
0.00015235992832294504
0.00015235992832294504
0.0001794704948772346
0.00016822750428829316
0.00016822750428829316
0.00016822750428829316
0.00019147261039360487
0.00019147261039360487
0.00019147261039360487
0.00017782650556995923
0.0001818490143989674
0.00017489224221895313
0.00016600608630199307
0.00017489224221895313
0.00016600608630199307
0.00017489224221895313
0.00019095749879664581
0.00017489224221895313
0.00019095749879664581
0.00019095749879664581
0.00019095749879664581
0.00017489224221895313
0.00019095749879664581
0.00019095749879664581
0.00019095749879664581
0.00019095749879664581
0.00019095749879664581
0.00019095749879664581
0.00019095749879664581
0.00019095749879664581
0.00019095749879664581
0.00019095749879664581
0.00019095749879664581
0.00019095749879664581
0.0001885016295055638
0.00019095749879664581
0.00019095749879664581
0.00019095749879664581
0.00019095749879664581
0.00019095749879664581
0.00019095749879664581
0.00019095749879664581
0.00019095749879664581
0.00019095749879664581
0.00019095749879664581
0.00019095749879664581
0.00020563081529894825
0.00020563081529894825
0.00020563081529894825
0.0001556001400173464
0.00015358736212338556
0.0001556001400173464
0.0001556001400173464
0.0001556001400173464
0.00015358736212338556
0.0001556001400173464
0.0001556001400173464
0.00015358736212338556
0.0001556001400173464
0.0001556001400173464
0.0001556001400173464
0.0001556001400173464
0.0001556001400173464
0.0001556001400173464
0.0001556001400173464
0.0001556001400173464
0.0001556001400173464
0.0001556001400173464
0.0001556001400173464
0.00016347578568507302
0.00016347578568507302
0.0001556001400173464
0.00016347578568507302
0.00013493389831271708
7.455492162588857e-05
7.794127538544407e-05
7.354938960895965e-05
7.031432043357542e-05
7.031432043357542e-05
0.00010604075654779848
0.00013430935561778402
5.508699851655246e-05
0.00013430935561778402
0.00010877170471639003
0.00013430935561778402
0.00010744502865439187
5.584123483985464e-05
6.195740784890339e-05
5.659385239985785e-05
6.113545055411937e-05
0.00010877170471639003
6.207071591436946e-05
5.659385239985785e-05
6.195740784890339e-05
6.195740784890339e-05
6.195740784890339e-05
6.195740784890339e-05
6.195740784890339e-05
6.113545055411937e-05
6.113545055411937e-05
6.113545055411937e-05
6.195740784890339e-05
6.195740784890339e-05
6.195740784890339e-05
6.195740784890339e-05
6.112997721171728e-05
6.269191398419165e-05
6.052996907365768e-05
6.18604745439825e-05
6.794524911276054e-05
6.927994572435317e-05
6.202105528543786e-05
3.552468731871867e-05
3.6019704129287946e-05
8.961090015848774e-08
8.961090015848774e-08
8.961090015848774e-08
8.961090015848774e-08
8.961090015848774e-08
8.961090015848774e-08
8.961090015848774e-08
8.961090015848774e-08
8.961090015848774e-08
8.961090015848774e-08
8.961090015848774e-08
8.961090015848774e-08
8.961090015848774e-08
8.961090015848774e-08
8.961090015848774e-08
8.961090015848774e-08
8.961090015848774e-08
