3.3750566179948898 4.537994721779642 9.01005928050037
3.3848885133785216 4.49153772134867 8.373434690008017
3.3766340736861116 4.326871912703345 8.319772801900996
3.387602934803422 4.494474952743623 8.2232387819024
3.4356786420093632 4.403330134874914 7.7355169234822645
3.382174091953621 4.411272837979985 8.396540864213078
3.3848885133785216 4.411272837979985 8.356302124638738
3.3766340736861116 4.301384397621468 8.570684388376552
3.3766340736861116 4.508927608850348 8.678412635803964
3.3848885133785216 4.49153772134867 8.402638795198142
3.3750566179948898 4.877794976973356 9.010267712834542
3.3766340736861116 4.4064527453407605 8.685592948046487
3.3750566179948898 4.733701625074908 9.098961417546473
3.3766340736861116 4.326871912703345 8.71828330514435
3.360775077238937 4.503707334767994 7.911925828515368
3.3848885133785216 4.492653172520544 8.394808175080625
3.3766340736861116 4.326871912703345 8.52307109515922
3.3750566179948898 4.239138070788104 8.918903233472596
3.3766340736861116 4.326871912703345 8.308226711361234
3.3848885133785216 4.49153772134867 8.270780176187488
3.363502114229326 4.5063378752094225 7.864072069567777
3.3750566179948898 4.747730839016061 8.976014772309345
3.4356786420093632 4.403330134874914 7.7355169234822645
3.3766340736861116 4.508927608850348 8.358019881727662
3.3766340736861116 4.326871912703345 8.514432902844442
3.4383930634342637 4.5063378752094225 7.836239329141445
3.3766340736861116 4.504216586704971 8.80278465031712
3.3782115293773334 4.3062044902606935 8.426760887717643
3.43917548349713 4.884126508464826 7.9312890118633135
3.3766340736861116 4.504216586704971 8.80278465031712
3.4205883386130878 4.515140241964534 7.617109089592536
3.3766340736861116 4.411272837979985 8.598742086237934
3.3848885133785216 4.492653172520544 8.247767771853825
3.3766340736861116 4.32205182006412 8.518344973556403
3.3766340736861116 4.508927608850348 8.829207738572428
3.363502114229326 4.5063378752094225 7.917898897339894
3.387602934803422 4.494474952743623 8.301446567879301
3.3766340736861116 4.411272837979985 8.325802735845217
3.3848885133785216 4.49153772134867 8.350636119681408
3.3766340736861116 4.32205182006412 8.592534941570921
3.3766340736861116 4.32205182006412 8.33791787033555
3.3848885133785216 4.49153772134867 8.294139982804639
3.387602934803422 4.492653172520544 8.2507965541981
3.3750566179948898 4.390022509813557 8.384307735744503
3.3750566179948898 4.497961228422476 8.375875718855811
3.3766340736861116 4.326871912703345 8.319772801900996
3.38433561686744 4.497555699987577 8.348099608729916
3.3766340736861116 4.508927608850348 8.685592948046487
3.3766340736861116 4.411272837979985 8.598742086237934
3.387602934803422 4.492653172520544 8.183440135542758
3.3766340736861116 4.411272837979985 8.325802735845217
3.597129256909798 4.769436738315555 7.9312890118633135
3.3766340736861116 4.508927608850348 8.788654423897306
3.3766340736861116 4.504216586704971 8.944508835034258
3.4308338683821593 4.5044605799082555 7.818176639686656
3.3766340736861116 4.512735765122045 8.676217465540672
3.4308338683821593 4.5044605799082555 7.818176639686656
3.3766340736861116 4.411272837979985 8.598742086237934
3.379348495111012 4.326871912703345 8.356302124638738
3.38433561686744 4.497555699987577 8.348099608729916
3.3750566179948898 4.497961228422476 8.353983990901831
3.3766340736861116 4.411272837979985 8.426447529613226
3.3750566179948898 4.08122661348248 8.410968327457605
3.3848885133785216 4.49153772134867 8.350636119681408
3.380925950802234 4.49153772134867 8.356302124638738
3.3848885133785216 4.49153772134867 8.350636119681408
3.3766340736861116 4.51755585776127 8.52198172166009
3.3766340736861116 4.326871912703345 8.71828330514435
3.393816874279174 4.769436738315555 7.9312890118633135
3.3766340736861116 4.326871912703345 8.525564080768921
3.3766340736861116 4.326871912703345 8.319772801900996
3.3848885133785216 4.307319941432567 8.347143466502274
3.3848885133785216 4.49153772134867 8.350636119681408
3.3766340736861116 4.508927608850348 8.70588179070288
3.3479486879171385 5.303385502024608 9.143117784661522
3.3750566179948898 4.390022509813557 8.917947146325268
3.3766340736861116 4.326871912703345 8.319772801900996
3.3766340736861116 4.4064527453407605 8.323892106132192
3.3766340736861116 4.508927608850348 8.690856019903027
3.3750566179948898 4.542027582479182 8.922629261496473
3.3766340736861116 4.508927608850348 8.358019881727662
3.3766340736861116 4.411272837979985 8.520509441246553
3.382174091953621 4.411272837979985 8.396540864213078
3.382174091953621 4.411272837979985 8.396540864213078
3.3750566179948898 4.497961228422476 8.382979061522132
3.380925950802234 4.49153772134867 8.356302124638738
3.3750566179948898 4.390022509813557 8.384307735744503
3.3750566179948898 4.53831832545808 8.425008107172534
3.3766340736861116 4.512735765122045 8.676217465540672
3.3766340736861116 4.504216586704971 8.82716353589225
3.3766340736861116 4.504216586704971 8.82716353589225
3.3848885133785216 4.49153772134867 8.397457411972205
3.3750566179948898 4.390022509813557 8.87908989573253
3.3766340736861116 4.512735765122045 8.598528631215293
3.3848885133785216 4.3062044902606935 8.354621411891028
3.3766340736861116 4.508927608850348 8.699832248040329
3.382174091953621 4.411272837979985 8.396540864213078
3.3848885133785216 4.3062044902606935 8.354621411891028
3.3750566179948898 4.747730839016061 8.976014772309345
3.3766340736861116 4.326871912703345 8.525564080768921
3.3750566179948898 5.167334377671174 8.975233537672393
3.3766340736861116 4.512735765122045 8.594086727344903
3.3848885133785216 4.3062044902606935 8.354621411891028
3.3750566179948898 4.247235462287942 8.88835298656808
3.3848885133785216 4.49153772134867 8.350636119681408
3.3766340736861116 4.504216586704971 8.927030409163867
3.3848885133785216 4.411272837979985 8.356302124638738
3.38433561686744 4.497555699987577 8.348099608729916
3.3750566179948898 5.175617192532884 8.424929576493518
3.3750566179948898 4.390022509813557 8.87908989573253
3.3750566179948898 5.167334377671174 8.975233537672393
3.3750566179948898 4.390022509813557 8.411830494530976
3.3848885133785216 4.411272837979985 8.288539948377585
3.3750566179948898 4.849536790425602 9.004203172879121
3.3766340736861116 4.326871912703345 8.525564080768921
3.3766340736861116 4.411272837979985 8.598742086237934
3.3766340736861116 4.301384397621468 8.570684388376552
3.4383930634342637 4.5044605799082555 7.686251049539554
3.3864659690697434 4.497555699987577 8.108611633297961
3.3750566179948898 4.3625983080924255 8.914354905318346
3.3766340736861116 4.326871912703345 8.525564080768921
3.3750566179948898 4.525391605580055 8.953179508400988
3.3766340736861116 4.508927608850348 8.675972895800506
3.3766340736861116 4.508927608850348 8.70588179070288
3.35235174045097 5.180710255966094 9.177257366171277
3.360775077238937 4.503707334767994 7.951170538523956
3.3766340736861116 4.411272837979985 8.596847918467583
3.3750566179948898 4.336772959917585 8.915079570765656
3.363502114229326 4.5044605799082555 7.963211963273457
3.330939221825356 5.307989193463571 9.113503694153758
3.3750566179948898 4.08122661348248 8.410968327457605
3.3766340736861116 4.512735765122045 8.676217465540672
3.3848885133785216 4.494474952743623 8.222756029026353
3.3766340736861116 4.508927608850348 8.685592948046487
3.3750566179948898 4.525391605580055 8.953179508400988
3.3766340736861116 4.508927608850348 8.685592948046487
3.3766340736861116 4.326871912703345 8.308226711361234
3.3750566179948898 4.656459761170202 8.879172695561609
3.3766340736861116 4.508927608850348 8.37700497068243
3.3766340736861116 4.411272837979985 8.520509441246553
3.360775077238937 4.501083114569619 8.139769807891623
3.3750566179948898 4.528610251503562 8.407515873403351
3.3766340736861116 4.411272837979985 8.598742086237934
3.3766340736861116 4.32205182006412 8.33791787033555
3.3750566179948898 5.167334377671174 8.4295444915852
3.3766340736861116 4.326871912703345 8.308226711361234
3.354271126247515 5.273368568384085 8.442677704892278
3.3750566179948898 4.497961228422476 8.382979061522132
3.3848885133785216 4.49153772134867 8.237684549420836
3.3766340736861116 4.326871912703345 8.525564080768921
3.3766340736861116 4.508927608850348 8.685592948046487
3.3766340736861116 4.512735765122045 8.334056988740768
3.360775077238937 4.501083114569619 7.927717974320231
3.3848885133785216 4.492653172520544 8.301446567879301
3.3766340736861116 4.411272837979985 8.598742086237934
3.3848885133785216 4.49153772134867 8.396540864213078
3.3766340736861116 4.32205182006412 8.592534941570921
3.3750566179948898 4.497961228422476 8.375875718855811
3.3750566179948898 4.654843705784309 8.951343738054979
3.3750566179948898 4.390022509813557 8.947597477932813
3.3750566179948898 4.395332702798338 8.82716353589225
3.3766340736861116 4.504216586704971 8.77170510676528
3.3766340736861116 4.411272837979985 8.596847918467583
3.3750566179948898 4.5247349341216205 8.441028815189322
3.597129256909798 4.769436738315555 7.9312890118633135
3.465470187028151 4.532867031966346 7.934628173083746
3.3766340736861116 4.411272837979985 8.325802735845217
3.3848885133785216 4.49153772134867 8.350636119681408
3.3766340736861116 4.508927608850348 8.829207738572428
3.3848885133785216 4.492653172520544 8.301446567879301
3.3750566179948898 5.164766921450566 9.008936444652932
3.3766340736861116 4.326871912703345 8.52198172166009
3.380925950802234 4.49153772134867 8.354101305691124
3.3750566179948898 5.174586768566412 9.114876178281822
3.3782115293773334 4.3062044902606935 8.426760887717643
3.3766340736861116 4.508927608850348 8.396156563189862
3.3750566179948898 4.256494830047837 8.970440954276889
3.3750566179948898 4.542027582479182 8.922629261496473
3.3766340736861116 4.4064527453407605 8.685592948046487
3.379348495111012 4.326871912703345 8.356302124638738
3.233597781717895 5.310357887489147 9.127880258401513
3.3766340736861116 4.508927608850348 8.699832248040329
3.3766340736861116 4.402644589069063 8.813766319654091
3.3766340736861116 4.508927608850348 8.689713400797656
3.379348495111012 4.326871912703345 8.332015652367033
3.3750566179948898 4.528610251503562 8.92172392046065
3.3750566179948898 4.497961228422476 8.797979558668171
3.3766340736861116 4.4064527453407605 8.347987550423074
3.3766340736861116 4.508927608850348 8.829207738572428
3.3750566179948898 4.528610251503562 8.92172392046065
3.3766340736861116 4.508927608850348 8.675972895800506
3.3750566179948898 4.10426628722428 8.92753334823232
3.3766340736861116 4.508927608850348 8.802856126200954
3.3750566179948898 5.066317447237674 9.013747936581863
3.3750566179948898 4.877794976973356 9.010267712834542
3.3766340736861116 4.51755585776127 8.52198172166009
3.3750566179948898 4.733701625074908 9.098961417546473
3.3848885133785216 4.49153772134867 8.347143466502274
3.3750566179948898 4.849536790425602 9.004203172879121
3.3848885133785216 4.49153772134867 8.373434690008017
3.3766340736861116 4.326871912703345 8.607341408900096
3.3766340736861116 4.508927608850348 8.687548983402467
3.3750566179948898 4.497961228422476 8.797979558668171
3.363502114229326 4.5044605799082555 7.963211963273457
3.3848885133785216 4.494474952743623 8.222756029026353
3.3766340736861116 4.32205182006412 8.592534941570921
3.379348495111012 4.3062044902606935 8.5036182119677
3.3750566179948898 4.390022509813557 8.411693538080641
3.380925950802234 4.49153772134867 8.356302124638738
3.3766340736861116 4.508927608850348 8.802856126200954
3.360775077238937 4.501083114569619 7.927717974320231
3.380925950802234 4.3062044902606935 8.293106327368424
3.354271126247515 5.273368568384085 8.442677704892278
3.3766340736861116 4.411272837979985 8.596847918467583
3.3766340736861116 4.504216586704971 8.944508835034258
3.3766340736861116 4.326871912703345 8.319772801900996
3.3848885133785216 4.492653172520544 8.343231395790314
3.3766340736861116 4.326871912703345 8.52198172166009
3.3766340736861116 4.411272837979985 8.428199994394927
3.3766340736861116 4.4064527453407605 8.685592948046487
3.3750566179948898 4.3625983080924255 8.914354905318346
3.3782115293773334 4.3062044902606935 8.426760887717643
3.379348495111012 4.326871912703345 8.356302124638738
3.3766340736861116 4.32205182006412 8.592534941570921
3.3766340736861116 4.326871912703345 8.525564080768921
3.3766340736861116 4.411272837979985 8.520509441246553
3.3766340736861116 4.508927608850348 8.774141649642447
3.3766340736861116 4.504216586704971 8.80278465031712
3.268100323466903 5.421711622098094 8.477748763223419
3.3750566179948898 4.497961228422476 8.797979558668171
3.3750566179948898 5.175617192532884 9.010495522495832
3.3848885133785216 4.492653172520544 8.247767771853825
3.3848885133785216 4.492653172520544 8.301446567879301
3.3848885133785216 4.494474952743623 8.348099608729916
3.387602934803422 4.494474952743623 8.301446567879301
3.3750566179948898 4.53831832545808 8.425008107172534
3.4308338683821593 4.5063378752094225 7.821477793999257
3.3766340736861116 4.402644589069063 8.813766319654091
3.3766340736861116 4.32205182006412 8.579201725338935
3.3766340736861116 4.32205182006412 8.592534941570921
3.3848885133785216 4.49153772134867 8.236301423556382
3.379348495111012 4.326871912703345 8.332015652367033
3.3750566179948898 4.08122661348248 8.410968327457605
3.3766340736861116 4.4064527453407605 8.685592948046487
3.3750566179948898 4.390022509813557 8.41409416455335
3.3750566179948898 4.528610251503562 8.92172392046065
3.363502114229326 4.5063378752094225 7.973197665799443
3.3750566179948898 4.390022509813557 8.87908989573253
3.3848885133785216 4.49153772134867 8.350636119681408
3.3750566179948898 4.384933583552664 8.912130898182662
3.387602934803422 4.492653172520544 8.301446567879301
3.3766340736861116 4.326871912703345 8.71828330514435
3.3766340736861116 4.508927608850348 8.774141649642447
3.2672320487698543 5.366438661877353 8.472200140891994
3.387602934803422 4.494474952743623 8.301446567879301
3.3848885133785216 4.49153772134867 8.347143466502274
3.3750566179948898 5.167334377671174 8.4295444915852
3.3750566179948898 4.497961228422476 8.382979061522132
3.3750566179948898 4.528610251503562 8.407515873403351
3.3750566179948898 5.167334377671174 8.4295444915852
3.3750566179948898 5.094237592696458 9.008936444652932
3.3766340736861116 4.512735765122045 8.684803709941798
3.3766340736861116 4.326871912703345 8.607341408900096
3.3766340736861116 4.51755585776127 8.52198172166009
3.380925950802234 4.49153772134867 8.354101305691124
3.3766340736861116 4.318243663792423 8.592987036872803
3.3848885133785216 4.49153772134867 8.350636119681408
3.3766340736861116 4.512735765122045 8.598528631215293
3.3750566179948898 4.08122661348248 8.405635751772492
3.2672320487698543 5.488438018611636 9.091994804910353
3.3750566179948898 4.497961228422476 8.797979558668171
3.3766340736861116 4.504216586704971 8.927030409163867
3.3848885133785216 4.49153772134867 8.396540864213078
3.3766340736861116 4.508927608850348 8.699832248040329
3.3766340736861116 4.411272837979985 8.598742086237934
3.360775077238937 4.501083114569619 8.141725843247603
3.3750566179948898 4.432353636147986 8.897811208210117
3.3750566179948898 4.654843705784309 8.951343738054979
3.3848885133785216 4.49153772134867 8.350636119681408
3.3750566179948898 4.8462624822300056 9.002367402533112
3.3766340736861116 4.508927608850348 8.796220948790745
3.36834688785653 4.401452839573747 7.668040908041277
3.380925950802234 4.49153772134867 8.356302124638738
3.3750566179948898 4.497961228422476 8.382979061522132
3.360775077238937 4.501083114569619 8.139769807891623
3.3750566179948898 4.877794976973356 9.010267712834542
3.359197621547715 4.498002367325665 8.032284656436355
3.3750566179948898 4.390022509813557 8.927360916605274
3.3848885133785216 4.492653172520544 8.27644229356125
3.3750566179948898 4.390022509813557 8.917947146325268
3.3766340736861116 4.402644589069063 8.813766319654091
3.3750566179948898 4.733701625074908 9.098961417546473
3.3766340736861116 4.411272837979985 8.428199994394927
3.387602934803422 4.492653172520544 8.301446567879301
3.597129256909798 4.779654139594773 7.817556809733894
3.3750566179948898 4.497961228422476 8.833128498278967
3.3766340736861116 4.512735765122045 8.594086727344903
3.3766340736861116 4.326871912703345 8.52307109515922
3.3848885133785216 4.49153772134867 8.294139982804639
3.365619850866141 4.4992613343465395 8.27126738902891
3.3750566179948898 4.390022509813557 8.411693538080641
3.3750566179948898 4.390022509813557 8.917947146325268
3.3750566179948898 5.066317447237674 9.013747936581863
3.389180390494644 4.497555699987577 8.301446567879301
3.3848885133785216 4.492653172520544 8.396764210436604
3.3750566179948898 4.390022509813557 8.800038635059908
3.3750566179948898 4.525391605580055 8.953179508400988
3.3750566179948898 5.063210242352934 9.01336631700093
3.379348495111012 4.3062044902606935 8.5036182119677
3.3750566179948898 4.390022509813557 8.917947146325268
3.3848885133785216 4.49153772134867 8.4981561929577
3.382174091953621 4.492653172520544 8.2507965541981
3.3750566179948898 4.08122661348248 8.410968327457605
3.365619850866141 4.4992613343465395 8.27126738902891
3.3766340736861116 4.32205182006412 8.518344973556403
3.3766340736861116 4.508927608850348 8.699832248040329
3.387602934803422 4.492653172520544 8.2507965541981
3.380925950802234 4.49153772134867 8.356302124638738
3.3766340736861116 4.508927608850348 8.687548983402467
3.3750566179948898 4.8616254373482315 9.01336631700093
3.3750566179948898 4.390022509813557 8.411693538080641
3.3750566179948898 5.094237592696458 9.008936444652932
3.3750566179948898 4.239138070788104 8.918903233472596
3.3766340736861116 4.508927608850348 8.788654423897306
3.3766340736861116 4.504216586704971 8.77170510676528
3.3766340736861116 4.508927608850348 8.690856019903027
3.3750566179948898 4.336772959917585 8.411294249691093
3.3848885133785216 4.411272837979985 8.356302124638738
3.380925950802234 4.49153772134867 8.354101305691124
3.387602934803422 4.494474952743623 8.2232387819024
3.3766340736861116 4.512735765122045 8.676217465540672
3.3766340736861116 4.4064527453407605 8.685592948046487
3.3750566179948898 4.497961228422476 8.375875718855811
3.3750566179948898 4.6403546107508715 8.981690192726369
3.3750566179948898 4.853747048122813 8.88608123634482
3.3766340736861116 4.508927608850348 8.690856019903027
3.3750566179948898 5.167334377671174 8.975233537672393
3.382174091953621 4.492653172520544 8.2507965541981
3.3766340736861116 4.508927608850348 8.689713400797656
3.3766340736861116 4.4064527453407605 8.685592948046487
3.3750566179948898 4.390022509813557 8.384307735744503
3.3750566179948898 4.860633728363518 8.42623745508464
3.3848885133785216 4.49153772134867 8.397457411972205
3.3766340736861116 4.508927608850348 8.70588179070288
3.597129256909798 4.769436738315555 7.9312890118633135
3.3766340736861116 4.32205182006412 8.592534941570921
3.4308338683821593 4.401452839573747 7.827049114274983
3.3766340736861116 4.326871912703345 8.52198172166009
3.3750566179948898 5.066317447237674 9.013747936581863
3.3750566179948898 4.528610251503562 8.92172392046065
3.3766340736861116 4.508927608850348 8.690856019903027
3.365619850866141 4.4992613343465395 8.27126738902891
3.3848885133785216 4.49153772134867 8.350636119681408
3.3750566179948898 4.877794976973356 9.010267712834542
3.3766340736861116 4.326871912703345 8.52198172166009
3.3766340736861116 4.508927608850348 8.396156563189862
3.3766340736861116 4.512735765122045 8.676217465540672
3.3766340736861116 4.4064527453407605 8.685592948046487
3.3750566179948898 4.390022509813557 8.87908989573253
3.3766340736861116 4.504216586704971 8.944508835034258
3.3848885133785216 4.49153772134867 8.350636119681408
3.3766340736861116 4.49153772134867 8.294489453232877
3.3766340736861116 4.504216586704971 8.779397835703955
3.3766340736861116 4.508927608850348 8.829207738572428
3.3766340736861116 4.504216586704971 8.944508835034258
3.3766340736861116 4.512735765122045 8.594086727344903
3.3766340736861116 4.508927608850348 8.70588179070288
3.3848885133785216 4.494474952743623 8.348099608729916
3.363502114229326 4.5044605799082555 7.963211963273457
3.3750566179948898 4.525391605580055 9.010404669284878
3.3766340736861116 4.32205182006412 8.592534941570921
3.380925950802234 4.49153772134867 8.356302124638738
3.3766340736861116 4.504216586704971 8.944508835034258
3.3766340736861116 4.512735765122045 8.594086727344903
3.3766340736861116 4.32205182006412 8.33791787033555
3.3750566179948898 4.08122661348248 8.410968327457605
3.3766340736861116 4.508927608850348 8.358019881727662
3.382174091953621 4.411272837979985 8.396540864213078
3.3750566179948898 4.853747048122813 8.88608123634482
3.3750566179948898 4.731397926674782 9.098961417546473
3.3750566179948898 4.744924315048584 8.426582843869147
3.3750566179948898 4.384933583552664 8.912130898182662
3.3766340736861116 4.508927608850348 8.699832248040329
3.3766340736861116 4.508927608850348 8.788654423897306
3.3848885133785216 4.49153772134867 8.373434690008017
3.3750566179948898 4.384933583552664 8.912130898182662
3.3766340736861116 4.508927608850348 8.802856126200954
3.3750566179948898 4.390022509813557 8.800038635059908
3.380925950802234 4.3062044902606935 8.293106327368424
3.3766340736861116 4.32205182006412 8.592534941570921
3.3766340736861116 4.508927608850348 8.802856126200954
3.3750566179948898 4.8462624822300056 9.002367402533112
3.379348495111012 4.326871912703345 8.332015652367033
3.3750566179948898 4.497961228422476 8.353983990901831
3.3848885133785216 4.492653172520544 8.394808175080625
3.3848885133785216 4.411272837979985 8.356302124638738
3.3766340736861116 4.411272837979985 8.426447529613226
3.3750566179948898 4.853747048122813 8.88608123634482
3.3766340736861116 4.411272837979985 8.598742086237934
3.3750566179948898 4.497961228422476 8.833128498278967
3.3750566179948898 5.066317447237674 9.013747936581863
3.3766340736861116 4.51755585776127 8.52198172166009
3.3848885133785216 4.3062044902606935 8.354621411891028
3.3750566179948898 4.432353636147986 8.897811208210117
3.382174091953621 4.411272837979985 8.396540864213078
3.3750566179948898 4.497961228422476 8.797979558668171
3.3750566179948898 4.6403546107508715 8.981690192726369
3.3750566179948898 4.654843705784309 8.951343738054979
3.3766340736861116 4.508927608850348 8.675972895800506
3.4356786420093632 4.5044605799082555 7.83181382784877
3.3750566179948898 4.3625983080924255 8.914354905318346
3.363502114229326 4.5063378752094225 7.864072069567777
3.3848885133785216 4.494474952743623 8.222756029026353
3.3766340736861116 4.4064527453407605 8.685592948046487
3.3766340736861116 4.49153772134867 8.294489453232877
3.380925950802234 4.49153772134867 8.356302124638738
3.3750566179948898 4.390022509813557 8.800038635059908
3.3766340736861116 4.402644589069063 8.813766319654091
3.3750566179948898 5.175617192532884 9.103436600330086
3.3766340736861116 4.411272837979985 8.598742086237934
3.3750566179948898 4.528610251503562 8.407515873403351
3.363502114229326 4.5063378752094225 7.813082802309712
3.363502114229326 4.5044605799082555 7.963211963273457
3.3766340736861116 4.4064527453407605 8.685592948046487
3.3750566179948898 5.175617192532884 9.01336631700093
3.3848885133785216 4.494474952743623 8.348099608729916
3.379348495111012 4.3062044902606935 8.5036182119677
3.3766340736861116 4.508927608850348 8.699832248040329
3.3750566179948898 4.747730839016061 8.976014772309345
3.3750566179948898 5.175617192532884 8.97242541680759
3.387602934803422 4.494474952743623 8.301446567879301
3.3848885133785216 4.49153772134867 8.402638795198142
3.3750566179948898 4.342803225644635 9.010267712834542
3.3766340736861116 4.504216586704971 8.779397835703955
3.3766340736861116 4.32205182006412 8.518344973556403
3.3750566179948898 4.342803225644635 9.010267712834542
3.379348495111012 4.326871912703345 8.332015652367033
3.3750566179948898 4.423441945054896 8.925125894497908
3.3750566179948898 4.3625983080924255 8.914354905318346
3.3766340736861116 4.508927608850348 8.774141649642447
3.3750566179948898 4.853747048122813 8.88608123634482
3.3750566179948898 4.10426628722428 8.92753334823232
3.3864659690697434 4.497555699987577 8.108611633297961
3.3766340736861116 4.508927608850348 8.685592948046487
3.3750566179948898 4.08122661348248 8.410968327457605
3.3750566179948898 5.075918541438362 9.104904432774108
3.3848885133785216 4.49153772134867 8.347143466502274
3.3782115293773334 4.3062044902606935 8.426760887717643
3.3848885133785216 4.49153772134867 8.294139982804639
3.3750566179948898 4.336772959917585 8.411294249691093
3.382174091953621 4.492653172520544 8.2507965541981
3.3848885133785216 4.49153772134867 8.396540864213078
3.380925950802234 4.49153772134867 8.354101305691124
3.3766340736861116 4.4064527453407605 8.685592948046487
3.3848885133785216 4.49153772134867 8.350636119681408
3.3848885133785216 4.411272837979985 8.288539948377585
3.382174091953621 4.492653172520544 8.2507965541981
3.360775077238937 4.501083114569619 8.141725843247603
3.360775077238937 4.501083114569619 7.927717974320231
3.360775077238937 4.501083114569619 7.927717974320231
3.3766340736861116 4.504216586704971 8.80278465031712
3.3766340736861116 4.32205182006412 8.592534941570921
3.3848885133785216 4.49153772134867 8.236301423556382
3.3766340736861116 4.508927608850348 8.678412635803964
3.3750566179948898 4.390022509813557 8.917947146325268
3.3766340736861116 4.51755585776127 8.52198172166009
3.233597781717895 5.310357887489147 9.127880258401513
3.3750566179948898 4.256494830047837 8.970440954276889
3.3750566179948898 4.497961228422476 8.382979061522132
3.363502114229326 4.5063378752094225 7.770432759737123
3.3766340736861116 4.411272837979985 8.520509441246553
3.3766340736861116 4.411272837979985 8.520509441246553
3.3766340736861116 4.32205182006412 8.579201725338935
3.3766340736861116 4.508927608850348 8.678412635803964
3.3766340736861116 4.32205182006412 8.33791787033555
3.3750566179948898 4.336772959917585 8.411294249691093
3.3750566179948898 4.525391605580055 9.010404669284878
3.3766340736861116 4.508927608850348 8.802856126200954
3.3766340736861116 4.508927608850348 8.690856019903027
3.3766340736861116 4.508927608850348 8.678412635803964
3.3766340736861116 4.508927608850348 8.687548983402467
3.4308338683821593 4.401452839573747 7.827049114274983
3.3750566179948898 4.952435346736389 9.01336631700093
3.35235174045097 5.164768082281176 9.177485982814568
3.3766340736861116 4.301384397621468 8.570684388376552
3.3848885133785216 4.49153772134867 8.4981561929577
3.3766340736861116 4.411272837979985 8.426447529613226
3.3750566179948898 4.6403546107508715 8.981690192726369
3.3766340736861116 4.508927608850348 8.685592948046487
3.3848885133785216 4.49153772134867 8.247767771853825
3.3750566179948898 4.342803225644635 9.010267712834542
3.3750566179948898 4.390022509813557 8.384307735744503
3.3766340736861116 4.508927608850348 8.774141649642447
3.3750566179948898 4.390022509813557 8.387617629243014
3.3766340736861116 4.411272837979985 8.598742086237934
3.3766340736861116 4.32205182006412 8.518344973556403
3.380925950802234 4.49153772134867 8.356302124638738
3.3766340736861116 4.4064527453407605 8.323892106132192
3.3750566179948898 4.390022509813557 8.384307735744503
3.3848885133785216 4.411272837979985 8.356302124638738
3.233597781717895 5.310357887489147 9.127880258401513
3.380925950802234 4.3062044902606935 8.293106327368424
3.3766340736861116 4.318243663792423 8.592987036872803
3.3766340736861116 4.512735765122045 8.676217465540672
3.36834688785653 4.5044605799082555 7.876520526022656
3.3750566179948898 5.175617192532884 8.424929576493518
3.3766340736861116 4.508927608850348 8.37700497068243
3.3750566179948898 4.528610251503562 8.407515873403351
3.3766340736861116 4.512735765122045 8.334056988740768
3.3766340736861116 4.326871912703345 8.514432902844442
3.3848885133785216 4.492653172520544 8.396764210436604
3.3750566179948898 4.390022509813557 8.411693538080641
3.3766340736861116 4.508927608850348 8.358019881727662
3.3766340736861116 4.32205182006412 8.579201725338935
3.368334272291041 4.4992613343465395 8.301446567879301
3.3766340736861116 4.4064527453407605 8.685592948046487
3.3848885133785216 4.49153772134867 8.350636119681408
3.363502114229326 4.5063378752094225 7.917898897339894
3.3864659690697434 4.497555699987577 8.2232387819024
3.3766340736861116 4.508927608850348 8.690856019903027
3.360775077238937 4.501083114569619 7.927717974320231
3.3848885133785216 4.492653172520544 8.301446567879301
3.365619850866141 4.501083114569619 8.348099608729916
3.3766340736861116 4.411272837979985 8.428199994394927
3.4356786420093632 4.5044605799082555 7.83181382784877
3.3848885133785216 4.492653172520544 8.343231395790314
3.3848885133785216 4.49153772134867 8.350636119681408
3.3750566179948898 4.390022509813557 8.41409416455335
3.3766340736861116 4.508927608850348 8.788654423897306
3.3766340736861116 4.504216586704971 8.944508835034258
3.3766340736861116 4.318243663792423 8.592987036872803
3.3766340736861116 4.318243663792423 8.592987036872803
3.4308338683821593 4.5044605799082555 7.818176639686656
3.3766340736861116 4.512735765122045 8.598528631215293
3.3750566179948898 4.390022509813557 8.947597477932813
3.3848885133785216 4.49153772134867 8.350636119681408
3.3750566179948898 4.390022509813557 8.411693538080641
3.434330709869926 4.769436738315555 7.9312890118633135
3.597129256909798 4.769436738315555 7.9312890118633135
3.4356786420093632 4.403330134874914 7.7355169234822645
3.3766340736861116 4.508927608850348 8.774141649642447
3.3848885133785216 4.3062044902606935 8.354621411891028
3.3766340736861116 4.4064527453407605 8.685592948046487
3.3848885133785216 4.49153772134867 8.4981561929577
3.3750566179948898 4.497961228422476 8.375875718855811
3.3848885133785216 4.3062044902606935 8.354621411891028
3.3750566179948898 4.497961228422476 8.797979558668171
3.3766340736861116 4.508927608850348 8.396156563189862
3.3750566179948898 4.53831832545808 8.425008107172534
3.3750566179948898 4.525391605580055 9.010404669284878
3.3750566179948898 4.656459761170202 8.879172695561609
3.3750566179948898 4.395332702798338 8.82716353589225
3.3750566179948898 4.336772959917585 8.411294249691093
3.3750566179948898 4.432353636147986 8.897811208210117
3.3750566179948898 4.537994721779642 9.01005928050037
3.380925950802234 4.49153772134867 8.354101305691124
3.3766340736861116 4.508927608850348 8.829207738572428
3.3750566179948898 4.08122661348248 8.405635751772492
3.4308338683821593 4.5063378752094225 7.821477793999257
3.3750566179948898 4.390022509813557 8.800038635059908
3.3848885133785216 4.49153772134867 8.294139982804639
3.368334272291041 4.4992613343465395 8.301446567879301
3.3750566179948898 4.744924315048584 8.426582843869147
3.3750566179948898 4.08122661348248 8.410968327457605
3.3766340736861116 4.508927608850348 8.675972895800506
3.3750566179948898 4.542027582479182 8.922629261496473
3.3766340736861116 4.504216586704971 8.944508835034258
3.3766340736861116 4.508927608850348 8.689713400797656
3.3766340736861116 4.512735765122045 8.676217465540672
3.465470187028151 4.412132501630026 7.934628173083746
3.3750566179948898 4.853747048122813 8.88608123634482
3.3766340736861116 4.508927608850348 8.685592948046487
3.380925950802234 4.49153772134867 8.354101305691124
3.3766340736861116 4.411272837979985 8.428199994394927
3.3766340736861116 4.411272837979985 8.426447529613226
3.3750566179948898 4.390022509813557 8.800038635059908
3.3750566179948898 4.497961228422476 8.375875718855811
3.3766340736861116 4.318243663792423 8.592987036872803
3.363502114229326 4.5063378752094225 7.770432759737123
3.4205883386130878 4.486423308139159 7.935764901182123
3.3766340736861116 4.508927608850348 8.689713400797656
3.3750566179948898 4.654843705784309 8.951343738054979
3.379348495111012 4.3062044902606935 8.5036182119677
3.3766340736861116 4.32205182006412 8.592534941570921
3.465470187028151 4.532867031966346 7.934628173083746
3.3848885133785216 4.49153772134867 8.294139982804639
3.3848885133785216 4.492653172520544 8.247767771853825
3.3750566179948898 4.3625983080924255 8.914354905318346
3.3766340736861116 4.512735765122045 8.598528631215293
3.382174091953621 4.492653172520544 8.2507965541981
3.3766340736861116 4.326871912703345 8.607341408900096
3.3750566179948898 4.497961228422476 8.353983990901831
3.3766340736861116 4.508927608850348 8.358019881727662
3.3766340736861116 4.508927608850348 8.829207738572428
3.3766340736861116 4.49153772134867 8.294489453232877
3.4205883386130878 4.486423308139159 7.935764901182123
3.3766340736861116 4.504216586704971 8.944508835034258
3.3750566179948898 4.497961228422476 8.353983990901831
3.3750566179948898 5.164766921450566 9.008936444652932
3.363502114229326 4.5063378752094225 7.917898897339894
3.3766340736861116 4.326871912703345 8.52307109515922
3.3766340736861116 4.508927608850348 8.796220948790745
3.3848885133785216 4.307319941432567 8.347143466502274
3.3766340736861116 4.508927608850348 8.802856126200954
3.363502114229326 4.5063378752094225 7.917898897339894
3.387602934803422 4.494474952743623 8.301446567879301
3.3766340736861116 4.411272837979985 8.426447529613226
3.3766340736861116 4.411272837979985 8.598742086237934
3.387602934803422 4.492653172520544 8.183440135542758
3.3766340736861116 4.508927608850348 8.796220948790745
3.363502114229326 4.5063378752094225 7.917898897339894
3.380925950802234 4.49153772134867 8.356302124638738
3.3766340736861116 4.326871912703345 8.514432902844442
3.3766340736861116 4.326871912703345 8.52307109515922
3.3766340736861116 4.326871912703345 8.525564080768921
3.3766340736861116 4.508927608850348 8.829207738572428
3.387602934803422 4.492653172520544 8.2507965541981
3.379348495111012 4.326871912703345 8.356302124638738
3.3766340736861116 4.326871912703345 8.319772801900996
3.3766340736861116 4.508927608850348 8.829207738572428
3.3750566179948898 4.747730839016061 8.976014772309345
3.3848885133785216 4.49153772134867 8.4981561929577
3.363502114229326 4.5063378752094225 7.770432759737123
3.3848885133785216 4.49153772134867 8.402638795198142
3.3750566179948898 4.390022509813557 8.41409416455335
3.3766340736861116 4.504216586704971 8.82716353589225
3.360775077238937 4.501083114569619 8.139769807891623
3.3750566179948898 4.8616254373482315 9.01336631700093
3.3750566179948898 4.256494830047837 8.970440954276889
3.597129256909798 4.769436738315555 7.9312890118633135
3.3750566179948898 4.53831832545808 8.425008107172534
3.363502114229326 4.5063378752094225 7.917898897339894
3.3766340736861116 4.512735765122045 8.676217465540672
3.4308338683821593 4.5044605799082555 7.818176639686656
3.3750566179948898 4.733701625074908 9.098961417546473
3.382174091953621 4.492653172520544 8.2507965541981
3.3750566179948898 4.497961228422476 8.375875718855811
3.3766340736861116 4.508927608850348 8.788654423897306
3.360775077238937 4.501083114569619 8.139769807891623
3.3766340736861116 4.504216586704971 8.80278465031712
3.3766340736861116 4.508927608850348 8.774141649642447
3.35235174045097 5.192352888779406 9.140425486744167
3.3766340736861116 4.411272837979985 8.325802735845217
3.3766340736861116 4.326871912703345 8.525564080768921
3.3848885133785216 4.411272837979985 8.356302124638738
3.3766340736861116 4.411272837979985 8.520509441246553
3.380925950802234 4.49153772134867 8.356302124638738
3.3766340736861116 4.318243663792423 8.592987036872803
3.3766340736861116 4.4064527453407605 8.347987550423074
3.3766340736861116 4.326871912703345 8.514432902844442
3.3848885133785216 4.49153772134867 8.347143466502274
3.3750566179948898 4.497961228422476 8.833128498278967
3.3766340736861116 4.508927608850348 8.685592948046487
3.4308338683821593 4.5044605799082555 7.818176639686656
3.3766340736861116 4.411272837979985 8.596847918467583
3.3750566179948898 4.497961228422476 8.833128498278967
3.3766340736861116 4.508927608850348 8.689713400797656
3.3766340736861116 4.512735765122045 8.684803709941798
3.3766340736861116 4.508927608850348 8.788654423897306
3.3750566179948898 4.3625983080924255 8.914354905318346
3.3766340736861116 4.411272837979985 8.598742086237934
3.3864659690697434 4.497555699987577 8.2232387819024
3.3750566179948898 4.830448399975459 8.426582843869147
3.379348495111012 4.3062044902606935 8.5036182119677
3.3750566179948898 4.390022509813557 8.87908989573253
3.3750566179948898 4.423441945054896 8.925125894497908
3.3766340736861116 4.411272837979985 8.428199994394927
3.3750566179948898 4.390022509813557 8.384307735744503
3.3766340736861116 4.411272837979985 8.426447529613226
3.3750566179948898 4.528610251503562 8.407515873403351
3.3766340736861116 4.411272837979985 8.596847918467583
3.3848885133785216 4.49153772134867 8.397457411972205
3.3766340736861116 4.512735765122045 8.598528631215293
3.4308338683821593 4.5063378752094225 7.810652153190928
3.3766340736861116 4.508927608850348 8.829207738572428
3.3864659690697434 4.497555699987577 8.2232387819024
3.270728890257621 5.415020800485547 8.473236427418362
3.3848885133785216 4.3062044902606935 8.354621411891028
3.3766340736861116 4.411272837979985 8.325802735845217
3.4308338683821593 4.401452839573747 7.827049114274983
3.3848885133785216 4.49153772134867 8.396540864213078
3.3848885133785216 4.49153772134867 8.350636119681408
3.3766340736861116 4.402644589069063 8.813766319654091
3.3848885133785216 4.49153772134867 8.270780176187488
3.3766340736861116 4.508927608850348 8.70588179070288
3.3766340736861116 4.32205182006412 8.579201725338935
3.3766340736861116 4.504216586704971 8.77170510676528
3.3750566179948898 4.390022509813557 8.384307735744503
3.3766340736861116 4.301384397621468 8.570684388376552
3.3766340736861116 4.326871912703345 8.308226711361234
3.3750566179948898 4.849536790425602 9.004203172879121
3.3750566179948898 4.247235462287942 8.88835298656808
3.3848885133785216 4.411272837979985 8.356302124638738
3.3848885133785216 4.49153772134867 8.247767771853825
3.368334272291041 4.4992613343465395 8.301446567879301
3.3766340736861116 4.326871912703345 8.514432902844442
3.4383930634342637 4.510120772111536 7.935764901182123
3.3766340736861116 4.508927608850348 8.675972895800506
3.3750566179948898 4.849536790425602 9.004203172879121
3.3766340736861116 4.32205182006412 8.592534941570921
3.3766340736861116 4.326871912703345 8.52198172166009
3.3766340736861116 4.508927608850348 8.802856126200954
3.3750566179948898 4.830448399975459 8.426582843869147
3.3848885133785216 4.3062044902606935 8.354621411891028
3.3750566179948898 4.390022509813557 8.947597477932813
3.3766340736861116 4.411272837979985 8.325802735845217
3.3750566179948898 4.390022509813557 8.917947146325268
3.3750566179948898 5.075918541438362 9.104904432774108
3.3766340736861116 4.411272837979985 8.598742086237934
3.3750566179948898 4.537994721779642 9.01005928050037
3.3766340736861116 4.508927608850348 8.37700497068243
3.270728890257621 5.415020800485547 8.473236427418362
3.3766340736861116 4.508927608850348 8.70588179070288
3.4205883386130878 4.515140241964534 7.617109089592536
3.3766340736861116 4.4064527453407605 8.323892106132192
3.3766340736861116 4.326871912703345 8.52198172166009
3.387602934803422 4.492653172520544 8.2507965541981
3.3766340736861116 4.411272837979985 8.428199994394927
3.3766340736861116 4.326871912703345 8.607341408900096
3.3766340736861116 4.4064527453407605 8.685592948046487
3.4356786420093632 4.5044605799082555 7.83181382784877
3.3750566179948898 4.450585465248659 8.953027647995333
3.3766340736861116 4.411272837979985 8.428199994394927
3.393816874279174 4.769436738315555 7.9312890118633135
3.3750566179948898 4.336772959917585 8.915079570765656
3.3766340736861116 4.504216586704971 8.77170510676528
3.3766340736861116 4.508927608850348 8.687548983402467
3.3750566179948898 4.390022509813557 8.800038635059908
3.3750566179948898 4.497961228422476 8.382979061522132
3.3750566179948898 4.342803225644635 9.010267712834542
3.3750566179948898 4.853747048122813 8.88608123634482
3.3848885133785216 4.49153772134867 8.350636119681408
3.360775077238937 4.501083114569619 7.9226691755098955
3.3848885133785216 4.49153772134867 8.402638795198142
3.3750566179948898 4.853747048122813 8.88608123634482
3.3750566179948898 4.390022509813557 8.411830494530976
3.3766340736861116 4.32205182006412 8.518344973556403
3.3848885133785216 4.49153772134867 8.402638795198142
3.3766340736861116 4.508927608850348 8.358019881727662
3.3750566179948898 4.654843705784309 8.951343738054979
3.382174091953621 4.492653172520544 8.2507965541981
3.3848885133785216 4.49153772134867 8.4981561929577
3.380925950802234 4.3062044902606935 8.293106327368424
3.3766340736861116 4.504216586704971 8.82716353589225
3.3750566179948898 4.830448399975459 8.426582843869147
3.3848885133785216 4.494474952743623 8.222756029026353
3.3766340736861116 4.508927608850348 8.687548983402467
3.387602934803422 4.494474952743623 8.18622786827735
3.3750566179948898 4.860633728363518 8.42623745508464
3.3848885133785216 4.49153772134867 8.247767771853825
3.3766340736861116 4.326871912703345 8.71828330514435
3.3750566179948898 4.542027582479182 8.922629261496473
3.3848885133785216 4.49153772134867 8.236301423556382
3.3750566179948898 4.336772959917585 8.915079570765656
3.3766340736861116 4.32205182006412 8.592534941570921
3.3766340736861116 4.504216586704971 8.779397835703955
3.3848885133785216 4.307319941432567 8.347143466502274
3.3750566179948898 4.53831832545808 8.425008107172534
3.3750566179948898 5.167334377671174 9.005837840486542
3.3766340736861116 4.4064527453407605 8.685592948046487
3.3848885133785216 4.492653172520544 8.393545341260245
3.3766340736861116 4.411272837979985 8.426447529613226
3.233597781717895 5.429521720503492 8.48190607768035
3.3766340736861116 4.4064527453407605 8.347987550423074
3.380925950802234 4.3062044902606935 8.293106327368424
3.3766340736861116 4.49153772134867 8.294489453232877
3.3750566179948898 4.744924315048584 8.426582843869147
3.3848885133785216 4.411272837979985 8.356302124638738
3.3766340736861116 4.504216586704971 8.927030409163867
3.3750566179948898 4.395332702798338 8.82716353589225
3.3848885133785216 4.49153772134867 8.350636119681408
3.3750566179948898 4.08122661348248 8.410968327457605
3.3766340736861116 4.508927608850348 8.70588179070288
3.363502114229326 4.5063378752094225 7.973197665799443
3.3848885133785216 4.3062044902606935 8.354621411891028
3.363502114229326 4.5063378752094225 7.973197665799443
3.3750566179948898 4.53831832545808 8.425008107172534
3.3848885133785216 4.49153772134867 8.270780176187488
3.3750566179948898 4.390022509813557 8.917947146325268
3.3848885133785216 4.49153772134867 8.237684549420836
3.3848885133785216 4.3062044902606935 8.354621411891028
3.3750566179948898 4.8462624822300056 9.002367402533112
3.3766340736861116 4.508927608850348 8.788654423897306
3.3816211954425395 4.497555699987577 8.041849522650201
3.3750566179948898 4.342803225644635 9.010267712834542
3.3766340736861116 4.512735765122045 8.676217465540672
3.35235174045097 5.3062849259781855 9.144357888215875
3.3750566179948898 5.175617192532884 8.424929576493518
3.3750566179948898 4.528610251503562 8.92172392046065
3.3750566179948898 4.390022509813557 8.927360916605274
3.3750566179948898 4.247235462287942 8.88835298656808
3.35235174045097 5.3062849259781855 9.105307587213535
3.387602934803422 4.492653172520544 8.183440135542758
3.3848885133785216 4.49153772134867 8.350636119681408
3.387602934803422 4.494474952743623 8.18622786827735
3.3766340736861116 4.508927608850348 8.774141649642447
3.3766340736861116 4.508927608850348 8.774141649642447
3.360775077238937 4.501083114569619 7.9226691755098955
3.3750566179948898 4.390022509813557 8.800038635059908
3.3766340736861116 4.326871912703345 8.71828330514435
3.3766340736861116 4.326871912703345 8.52307109515922
3.3750566179948898 4.390022509813557 8.927360916605274
3.3750566179948898 4.497961228422476 8.382979061522132
3.3766340736861116 4.508927608850348 8.685592948046487
3.3848885133785216 4.49153772134867 8.237684549420836
3.3750566179948898 5.175617192532884 8.424929576493518
3.3766340736861116 4.504216586704971 8.944508835034258
3.3766340736861116 4.326871912703345 8.52198172166009
3.3766340736861116 4.411272837979985 8.325802735845217
3.38433561686744 4.497555699987577 8.348099608729916
3.3750566179948898 4.497961228422476 8.375875718855811
3.3848885133785216 4.492653172520544 8.27126738902891
3.3750566179948898 4.384933583552664 8.912130898182662
3.3766340736861116 4.326871912703345 8.308226711361234
3.3750566179948898 4.497961228422476 8.382979061522132
3.3766340736861116 4.326871912703345 8.607341408900096
3.3750566179948898 5.175617192532884 8.97242541680759
3.3766340736861116 4.512735765122045 8.684803709941798
3.3848885133785216 4.49153772134867 8.270780176187488
3.3750566179948898 4.744924315048584 8.426582843869147
3.3848885133785216 4.49153772134867 8.350636119681408
3.434330709869926 4.769436738315555 7.9312890118633135
3.3750566179948898 4.877794976973356 9.010267712834542
3.3750566179948898 4.390022509813557 8.87908989573253
3.365619850866141 4.501083114569619 8.348099608729916
3.3766340736861116 4.326871912703345 8.52198172166009
3.360775077238937 4.501083114569619 8.141725843247603
3.3848885133785216 4.492653172520544 8.27126738902891
3.3766340736861116 4.411272837979985 8.598742086237934
3.4383930634342637 4.5044605799082555 7.775728885694009
3.3750566179948898 4.384933583552664 8.912130898182662
3.380925950802234 4.49153772134867 8.356302124638738
3.3766340736861116 4.508927608850348 8.687548983402467
3.3750566179948898 4.256494830047837 8.970440954276889
3.3750566179948898 4.656459761170202 8.879172695561609
3.3766340736861116 4.402644589069063 8.813766319654091
3.3750566179948898 5.167334377671174 8.975233537672393
3.3848885133785216 4.49153772134867 8.396540864213078
3.3766340736861116 4.326871912703345 8.319772801900996
3.3750566179948898 4.654843705784309 8.951343738054979
3.3766340736861116 4.508927608850348 8.690856019903027
3.3750566179948898 4.497961228422476 8.353983990901831
3.3766340736861116 4.504216586704971 8.77170510676528
3.3750566179948898 4.744924315048584 8.426582843869147
3.380925950802234 4.3062044902606935 8.293106327368424
3.3766340736861116 4.411272837979985 8.325802735845217
3.3848885133785216 4.49153772134867 8.247767771853825
3.382174091953621 4.411272837979985 8.396540864213078
3.35235174045097 5.3062849259781855 9.140984209013457
3.3750566179948898 4.10426628722428 8.92753334823232
3.3766340736861116 4.508927608850348 8.788654423897306
3.2279559356317407 5.303385502024608 8.434298264500217
3.3766340736861116 4.4064527453407605 8.685592948046487
3.3766340736861116 4.508927608850348 8.70588179070288
3.3766340736861116 4.504216586704971 8.944508835034258
3.3750566179948898 4.08122661348248 8.410968327457605
3.3848885133785216 4.494474952743623 8.348099608729916
3.3766340736861116 4.326871912703345 8.52307109515922
3.3766340736861116 4.504216586704971 8.82716353589225
3.3750566179948898 4.390022509813557 8.411830494530976
3.3766340736861116 4.32205182006412 8.518344973556403
3.3848885133785216 4.49153772134867 8.270780176187488
3.3766340736861116 4.508927608850348 8.689713400797656
3.3766340736861116 4.326871912703345 8.52307109515922
3.3750566179948898 4.10426628722428 8.92753334823232
3.3750566179948898 5.175617192532884 8.424929576493518
3.3750566179948898 4.849536790425602 9.004203172879121
3.379348495111012 4.3062044902606935 8.5036182119677
3.3848885133785216 4.49153772134867 8.4981561929577
3.380925950802234 4.49153772134867 8.354101305691124
3.3766340736861116 4.318243663792423 8.592987036872803
3.3766340736861116 4.49153772134867 8.294489453232877
3.3766340736861116 4.508927608850348 8.699832248040329
3.3766340736861116 4.508927608850348 8.358019881727662
3.3766340736861116 4.508927608850348 8.70588179070288
3.3766340736861116 4.318243663792423 8.592987036872803
3.35235174045097 5.3062849259781855 9.105307587213535
3.3750566179948898 4.239138070788104 8.918903233472596
3.3750566179948898 4.537994721779642 9.01005928050037
3.358421371276629 5.2889372453604535 8.435669393452317
3.3750566179948898 4.497961228422476 8.382979061522132
3.22244253770384 5.583205169235995 9.48537453812702
3.3766340736861116 4.512735765122045 8.684803709941798
3.3766340736861116 4.326871912703345 8.514432902844442
3.3750566179948898 4.528610251503562 8.407515873403351
3.3848885133785216 4.3062044902606935 8.354621411891028
3.3766340736861116 4.318243663792423 8.592987036872803
3.3766340736861116 4.411272837979985 8.598742086237934
3.3848885133785216 4.492653172520544 8.343231395790314
3.3848885133785216 4.49153772134867 8.347143466502274
3.382174091953621 4.492653172520544 8.2507965541981
3.3750566179948898 4.390022509813557 8.87908989573253
3.3766340736861116 4.508927608850348 8.788654423897306
3.3766340736861116 4.32205182006412 8.579201725338935
3.382174091953621 4.492653172520544 8.2507965541981
3.3750566179948898 4.390022509813557 8.411693538080641
3.3766340736861116 4.326871912703345 8.308226711361234
3.3848885133785216 4.492653172520544 8.27126738902891
3.3766340736861116 4.508927608850348 8.699832248040329
3.597129256909798 4.769436738315555 7.9312890118633135
3.3766340736861116 4.318243663792423 8.592987036872803
3.3766340736861116 4.508927608850348 8.829207738572428
3.363502114229326 4.5063378752094225 7.973197665799443
3.3848885133785216 4.49153772134867 8.237684549420836
3.3750566179948898 4.744924315048584 8.426582843869147
3.3750566179948898 4.8616254373482315 9.01336631700093
3.3750566179948898 4.877794976973356 9.010267712834542
3.3766340736861116 4.49153772134867 8.294489453232877
3.379348495111012 4.326871912703345 8.356302124638738
3.379348495111012 4.326871912703345 8.356302124638738
3.3766340736861116 4.301384397621468 8.570684388376552
3.3750566179948898 4.528610251503562 8.407515873403351
3.360775077238937 4.499205819268452 8.261232302894886
3.3766340736861116 4.411272837979985 8.428199994394927
3.382174091953621 4.411272837979985 8.396540864213078
3.3766340736861116 4.508927608850348 8.396156563189862
3.3766340736861116 4.508927608850348 8.358019881727662
3.3750566179948898 5.066317447237674 9.013747936581863
3.3766340736861116 4.504216586704971 8.944508835034258
3.387602934803422 4.492653172520544 8.301446567879301
3.597129256909798 4.769436738315555 7.9312890118633135
3.3766340736861116 4.318243663792423 8.592987036872803
3.3766340736861116 4.508927608850348 8.690856019903027
3.3750566179948898 4.390022509813557 8.800038635059908
3.3750566179948898 4.542027582479182 8.922629261496473
3.3766340736861116 4.326871912703345 8.525564080768921
3.360775077238937 4.501083114569619 8.153798452685736
3.4356786420093632 4.403330134874914 7.7355169234822645
3.3848885133785216 4.411272837979985 8.356302124638738
3.597129256909798 4.769436738315555 7.9312890118633135
3.3750566179948898 4.390022509813557 8.927360916605274
3.3766340736861116 4.504216586704971 8.779397835703955
3.3750566179948898 4.8462624822300056 9.002367402533112
3.3848885133785216 4.49153772134867 8.236301423556382
3.3766340736861116 4.411272837979985 8.598742086237934
3.3750566179948898 4.08122661348248 8.405635751772492
3.3766340736861116 4.504216586704971 8.77170510676528
3.3848885133785216 4.49153772134867 8.347143466502274
3.3750566179948898 4.390022509813557 8.927360916605274
3.3750566179948898 4.423441945054896 8.925125894497908
3.3750566179948898 4.497961228422476 8.797979558668171
3.3766340736861116 4.508927608850348 8.788654423897306
3.3750566179948898 4.733701625074908 9.098961417546473
3.3848885133785216 4.49153772134867 8.396540864213078
3.3766340736861116 4.504216586704971 8.82716353589225
3.3848885133785216 4.49153772134867 8.236301423556382
3.3750566179948898 4.390022509813557 8.927360916605274
3.3848885133785216 4.49153772134867 8.237684549420836
3.3750566179948898 4.247235462287942 8.88835298656808
3.3848885133785216 4.492653172520544 8.301446567879301
3.2279559356317407 5.303385502024608 8.434298264500217
3.3750566179948898 4.256494830047837 8.970440954276889
3.365619850866141 4.4992613343465395 8.27126738902891
3.3766340736861116 4.326871912703345 8.52307109515922
3.4205883386130878 4.486423308139159 7.935764901182123
3.3766340736861116 4.508927608850348 8.687548983402467
3.3848885133785216 4.49153772134867 8.373434690008017
3.3848885133785216 4.49153772134867 8.350636119681408
3.3766340736861116 4.508927608850348 8.796220948790745
3.3848885133785216 4.49153772134867 8.237684549420836
3.3766340736861116 4.508927608850348 8.396156563189862
3.379348495111012 4.326871912703345 8.332015652367033
3.3766340736861116 4.411272837979985 8.426447529613226
3.3750566179948898 4.450585465248659 8.953027647995333
3.3750566179948898 5.066317447237674 9.013747936581863
3.3750566179948898 5.167334377671174 8.4295444915852
3.3750566179948898 4.390022509813557 8.387617629243014
3.3766340736861116 4.508927608850348 8.774141649642447
3.382174091953621 4.492653172520544 8.2507965541981
3.3766340736861116 4.326871912703345 8.525564080768921
3.3766340736861116 4.504216586704971 8.82716353589225
3.3750566179948898 4.8462624822300056 9.002367402533112
3.3750566179948898 4.537994721779642 9.01005928050037
3.3750566179948898 4.849536790425602 9.004203172879121
3.3766340736861116 4.411272837979985 8.596847918467583
3.3750566179948898 4.390022509813557 8.384307735744503
3.3848885133785216 4.492653172520544 8.27644229356125
3.3766340736861116 4.49153772134867 8.294489453232877
3.3848885133785216 4.494474952743623 8.348099608729916
3.3750566179948898 4.497961228422476 8.382979061522132
3.3750566179948898 4.860633728363518 8.42623745508464
3.3848885133785216 4.492653172520544 8.393545341260245
3.3848885133785216 4.49153772134867 8.4981561929577
3.387602934803422 4.492653172520544 8.2507965541981
3.3766340736861116 4.508927608850348 8.829207738572428
3.3766340736861116 4.508927608850348 8.396156563189862
3.3750566179948898 4.390022509813557 8.917947146325268
3.3766340736861116 4.508927608850348 8.774141649642447
3.380925950802234 4.3062044902606935 8.293106327368424
3.3750566179948898 4.390022509813557 8.800038635059908
3.43917548349713 4.884126508464826 7.9312890118633135
3.3816211954425395 4.497555699987577 8.041849522650201
3.3766340736861116 4.512735765122045 8.676217465540672
3.3750566179948898 4.497961228422476 8.375875718855811
3.3750566179948898 4.390022509813557 8.800038635059908
3.3766340736861116 4.504216586704971 8.80278465031712
3.35235174045097 5.192352888779406 9.140425486744167
3.3766340736861116 4.4064527453407605 8.685592948046487
3.3750566179948898 4.747730839016061 8.976014772309345
3.360775077238937 4.501083114569619 8.153798452685736
