0.6656161213916624 1.1199290562367383 1.851334868141442
0.6761947586078003 1.027322040873122 1.1654604830384123
0.6760636380765003 1.042832358616936 1.282198211392869
0.6739197803310402 1.0592694295061071 1.1194118636480481
0.6664768164320394 1.095599705563927 1.067785226352816
0.6761287441139818 1.0257625214251431 1.166604776832045
0.6761947586078003 1.0257625214251431 1.2113274154138007
0.6760636380765003 1.045629571740936 1.4114258604012964
0.6760636380765003 1.020300271918263 1.4946217488572313
0.6761947586078003 1.027322040873122 1.1688826811600632
0.6656161213916624 1.1212028635291595 2.1632230993039228
0.6760636380765003 1.0269249610188493 1.362430429808694
0.6656161213916624 1.1350965685796885 1.9209535335607655
0.6760636380765003 1.042832358616936 1.158856601017587
0.6807750063601556 1.0879508792175672 1.0487696086600327
0.6761947586078003 1.0400052469618044 1.166474695679235
0.6760636380765003 1.042832358616936 1.2974943910120667
0.6656161213916624 1.1369010862532445 1.8493410146680924
0.6760636380765003 1.042832358616936 1.2155072290926432
0.6761947586078003 1.027322040873122 1.1539164896587233
0.6782560365551787 1.0755908527660911 1.0617899710503451
0.6656161213916624 1.087740457229445 1.830496538357632
0.6664768164320394 1.095599705563927 1.067785226352816
0.6760636380765003 1.020300271918263 1.6421397181593405
0.6760636380765003 1.042832358616936 1.3001258765434411
0.6664754731520773 1.0755908527660911 1.0637377737128313
0.6675097951592354 1.0197746866403887 1.577893023019367
0.6753189567847222 1.0647294491672763 1.2256412967317272
0.6733599053264171 0.9578684967552231 1.0480637239670927
0.6675097951592354 1.0197746866403887 1.577893023019367
0.6780439165850397 1.070009830264272 1.0706274780886036
0.6760636380765003 1.0257625214251431 1.2833243950967348
0.6761947586078003 1.0400052469618044 1.1544207336616243
0.6760636380765003 1.0439531720079354 1.283681991550301
0.6760636380765003 1.020300271918263 1.5953748718909537
0.6782560365551787 1.0755908527660911 1.0537312159148693
0.6739197803310402 1.0592694295061071 1.1480799457598285
0.6760636380765003 1.0257625214251431 1.1710815300033068
0.6761947586078003 1.027322040873122 1.1625425364511572
0.6760636380765003 1.0439531720079354 1.3183191232847333
0.6760636380765003 1.0439531720079354 1.3028330107413066
0.6761947586078003 1.027322040873122 1.1568888373389903
0.6739197803310402 1.0489134344128088 1.1454706731558288
0.6656161213916624 1.0462107288801619 1.6701038486923472
0.6656161213916624 1.0291876839251082 1.7189710994011587
0.6760636380765003 1.042832358616936 1.282198211392869
0.6758444979308684 1.0464016971530474 1.115368528056001
0.6760636380765003 1.020300271918263 1.5422665120529753
0.6760636380765003 1.0257625214251431 1.2833243950967348
0.6739197803310402 1.0489134344128088 1.1293762900930644
0.6760636380765003 1.0257625214251431 1.1710815300033068
0.6558514600035185 1.003818475746041 0.9827980257498015
0.6675097951592354 0.9895291863138169 1.6031538780898835
0.6675097951592354 0.99956218441791 1.5930818892779117
0.6701440854999547 1.0755908527660911 1.0708767901512088
0.6760636380765003 1.0081345493301472 1.5845996145977328
0.6701440854999547 1.0755908527660911 1.0708767901512088
0.6760636380765003 1.0257625214251431 1.2833243950967348
0.6761287441139818 1.042832358616936 1.2108745445500522
0.6758444979308684 1.0464016971530474 1.115368528056001
0.6656161213916624 1.0291876839251082 1.6064569304685663
0.6760636380765003 1.0257625214251431 1.2508365070413858
0.6656161213916624 1.1185306070325929 1.759113471914482
0.6761947586078003 1.027322040873122 1.1625425364511572
0.6753790421327642 1.027322040873122 1.2113274154138007
0.6761947586078003 1.027322040873122 1.1625425364511572
0.6760636380765003 1.0069262411128035 1.2816088571474216
0.6760636380765003 1.042832358616936 1.158856601017587
0.691462123129345 0.9770816966634503 0.9827980257498015
0.6760636380765003 1.042832358616936 1.2718208361354644
0.6760636380765003 1.042832358616936 1.282198211392869
0.6761947586078003 1.0772696624986202 1.162680283740726
0.6761947586078003 1.027322040873122 1.1625425364511572
0.6760636380765003 1.020300271918263 1.4698510772934756
0.6610078264607868 1.1338547659830271 2.408904457652224
0.6656161213916624 1.0462107288801619 1.6957623871535914
0.6760636380765003 1.042832358616936 1.282198211392869
0.6760636380765003 1.0269249610188493 1.3223803266206804
0.6760636380765003 1.020300271918263 1.529301739579949
0.6656161213916624 1.1497218291684974 1.8747408501549752
0.6760636380765003 1.020300271918263 1.6421397181593405
0.6760636380765003 1.0257625214251431 1.222141763065496
0.6761287441139818 1.0257625214251431 1.166604776832045
0.6761287441139818 1.0257625214251431 1.166604776832045
0.6656161213916624 1.0291876839251082 1.6661978978538707
0.6753790421327642 1.027322040873122 1.2113274154138007
0.6656161213916624 1.0462107288801619 1.6701038486923472
0.6656161213916624 1.1572082237719328 1.9778483130942595
0.6760636380765003 1.0081345493301472 1.5845996145977328
0.6675097951592354 0.99956218441791 1.5591701540163843
0.6675097951592354 0.99956218441791 1.5591701540163843
0.6761947586078003 1.027322040873122 1.1636077916831973
0.6656161213916624 1.0462107288801619 1.735359857979243
0.6760636380765003 1.0081345493301472 1.3579370437390454
0.6761947586078003 1.0647294491672763 1.209664804074093
0.6760636380765003 1.020300271918263 1.4066784490637998
0.6761287441139818 1.0257625214251431 1.166604776832045
0.6761947586078003 1.0647294491672763 1.209664804074093
0.6656161213916624 1.087740457229445 1.830496538357632
0.6760636380765003 1.042832358616936 1.2718208361354644
0.6656161213916624 1.0430607696728817 2.194285068882148
0.6760636380765003 1.0081345493301472 1.304176269288085
0.6761947586078003 1.0647294491672763 1.209664804074093
0.6656161213916624 1.1081242046191508 1.7648433467122626
0.6761947586078003 1.027322040873122 1.1625425364511572
0.6675097951592354 1.005539223617557 1.6175431213765037
0.6761947586078003 1.0257625214251431 1.2113274154138007
0.6758444979308684 1.0464016971530474 1.115368528056001
0.6656161213916624 1.0890632632664903 2.296232820604661
0.6656161213916624 1.0462107288801619 1.735359857979243
0.6656161213916624 1.0430607696728817 2.194285068882148
0.6656161213916624 1.0462107288801619 1.7083302313050834
0.6761947586078003 1.0257625214251431 1.1551240657308381
0.6656161213916624 1.112204489419603 2.1759598611451194
0.6760636380765003 1.042832358616936 1.2718208361354644
0.6760636380765003 1.0257625214251431 1.2833243950967348
0.6760636380765003 1.045629571740936 1.4114258604012964
0.6664754731520773 1.0755908527660911 1.0672224556177448
0.6721434327248975 1.0464016971530474 1.101611198635865
0.6656161213916624 1.085074013959861 1.8034190532159222
0.6760636380765003 1.042832358616936 1.2718208361354644
0.6656161213916624 1.1122675948437297 1.7866433475653916
0.6760636380765003 1.020300271918263 1.4842983094233573
0.6760636380765003 1.020300271918263 1.4698510772934756
0.6610078264607868 1.1279167433718458 2.1869009884023503
0.6807750063601556 1.0879508792175672 1.0464616539260518
0.6760636380765003 1.0257625214251431 1.331168007607271
0.6656161213916624 1.1210765311154651 1.7393619389746753
0.6782560365551787 1.0755908527660911 1.0510174625820883
0.6645258262001664 1.9038790218550092 2.356385613481606
0.6656161213916624 1.1185306070325929 1.759113471914482
0.6760636380765003 1.0081345493301472 1.5845996145977328
0.6738691772124514 1.0592694295061071 1.1128220245672886
0.6760636380765003 1.020300271918263 1.5422665120529753
0.6656161213916624 1.1122675948437297 1.7866433475653916
0.6760636380765003 1.020300271918263 1.5422665120529753
0.6760636380765003 1.042832358616936 1.2155072290926432
0.6656161213916624 1.1090607528572323 1.814839008844101
0.6760636380765003 1.020300271918263 1.5245027037802563
0.6760636380765003 1.0257625214251431 1.222141763065496
0.6807750063601556 1.085133099881696 1.059744885565019
0.6656161213916624 1.1155391123138636 1.8347203693845875
0.6760636380765003 1.0257625214251431 1.2833243950967348
0.6760636380765003 1.0439531720079354 1.3028330107413066
0.6656161213916624 1.0621867040960218 2.289251417232147
0.6760636380765003 1.042832358616936 1.2155072290926432
0.6625344034272089 1.387065772264385 2.3459180305108465
0.6656161213916624 1.0291876839251082 1.6661978978538707
0.6761947586078003 1.027322040873122 1.1800690853981237
0.6760636380765003 1.042832358616936 1.2718208361354644
0.6760636380765003 1.020300271918263 1.5422665120529753
0.6760636380765003 1.0081345493301472 1.3636065028257325
0.6807750063601556 1.085133099881696 1.0690521872970777
0.6738691772124514 1.0489134344128088 1.1480799457598285
0.6760636380765003 1.0257625214251431 1.2833243950967348
0.6761947586078003 1.027322040873122 1.166604776832045
0.6760636380765003 1.0439531720079354 1.3183191232847333
0.6656161213916624 1.0291876839251082 1.7189710994011587
0.6656161213916624 1.0761493342500819 1.8047130139153607
0.6656161213916624 1.0462107288801619 1.5855093540495706
0.6656161213916624 1.0324126147749624 1.5591701540163843
0.6760636380765003 1.0501984898415018 1.616660718621404
0.6760636380765003 1.0257625214251431 1.331168007607271
0.6656161213916624 1.1557607339239842 1.8958612162221526
0.6558514600035185 1.003818475746041 0.9827980257498015
0.6647233091341069 1.0574296935713874 1.0726144262578974
0.6760636380765003 1.0257625214251431 1.1710815300033068
0.6761947586078003 1.027322040873122 1.1625425364511572
0.6760636380765003 1.020300271918263 1.5953748718909537
0.6738691772124514 1.0489134344128088 1.1480799457598285
0.6656161213916624 1.0865127638209011 2.249433714550435
0.6760636380765003 1.042832358616936 1.2678330248365872
0.6753790421327642 1.027322040873122 1.2006384141089208
0.6656161213916624 1.116198674521841 2.088299765048505
0.6753189567847222 1.0647294491672763 1.2256412967317272
0.6760636380765003 1.020300271918263 1.584074596707929
0.6656161213916624 1.1415929433829934 1.8132656935318532
0.6656161213916624 1.1497218291684974 1.8747408501549752
0.6760636380765003 1.0269249610188493 1.362430429808694
0.6761287441139818 1.042832358616936 1.2108745445500522
0.675845358784101 1.942795599422626 2.5308611561383016
0.6760636380765003 1.020300271918263 1.4066784490637998
0.6760636380765003 1.0390200075013103 1.5387183234890494
0.6760636380765003 1.020300271918263 1.4777596895709812
0.6761287441139818 1.042832358616936 1.1353313148902817
0.6656161213916624 1.1155391123138636 1.759691679823929
0.6656161213916624 1.0291876839251082 1.5520362453740817
0.6760636380765003 1.0269249610188493 1.5238184336826193
0.6760636380765003 1.020300271918263 1.5953748718909537
0.6656161213916624 1.1155391123138636 1.759691679823929
0.6760636380765003 1.020300271918263 1.4842983094233573
0.6656161213916624 1.1033423227204568 1.6988662287922465
0.6760636380765003 1.020300271918263 1.5252024825062982
0.6656161213916624 1.0754331536954709 2.2122848666656614
0.6656161213916624 1.1212028635291595 2.1632230993039228
0.6760636380765003 1.0069262411128035 1.2816088571474216
0.6656161213916624 1.1350965685796885 1.9209535335607655
0.6761947586078003 1.027322040873122 1.162680283740726
0.6656161213916624 1.112204489419603 2.1759598611451194
0.6761947586078003 1.027322040873122 1.1654604830384123
0.6760636380765003 1.042832358616936 1.1692249849530532
0.6760636380765003 1.020300271918263 1.4842983094233573
0.6656161213916624 1.0291876839251082 1.5520362453740817
0.6782560365551787 1.0755908527660911 1.0510174625820883
0.6738691772124514 1.0592694295061071 1.1128220245672886
0.6760636380765003 1.0439531720079354 1.3183191232847333
0.6761287441139818 1.0647294491672763 1.4439787070628922
0.6656161213916624 1.0462107288801619 1.6970282615772183
0.6753790421327642 1.027322040873122 1.2113274154138007
0.6760636380765003 1.020300271918263 1.5252024825062982
0.6807750063601556 1.085133099881696 1.0690521872970777
0.6753790421327642 1.0647294491672763 1.2334217893865673
0.6625344034272089 1.387065772264385 2.3459180305108465
0.6760636380765003 1.0257625214251431 1.331168007607271
0.6675097951592354 0.99956218441791 1.5930818892779117
0.6760636380765003 1.042832358616936 1.282198211392869
0.6761947586078003 1.0400052469618044 1.1638236168254186
0.6760636380765003 1.042832358616936 1.2678330248365872
0.6760636380765003 1.0257625214251431 1.270803688086849
0.6760636380765003 1.0269249610188493 1.362430429808694
0.6656161213916624 1.085074013959861 1.8034190532159222
0.6753189567847222 1.0647294491672763 1.2256412967317272
0.6761287441139818 1.042832358616936 1.2108745445500522
0.6760636380765003 1.0439531720079354 1.3183191232847333
0.6760636380765003 1.042832358616936 1.2718208361354644
0.6760636380765003 1.0257625214251431 1.222141763065496
0.6760636380765003 1.020300271918263 1.6383885676795549
0.6675097951592354 1.0197746866403887 1.577893023019367
0.6766519888702666 2.263640892541017 2.6742491963087875
0.6656161213916624 1.0291876839251082 1.5520362453740817
0.6656161213916624 1.0890632632664903 2.0897753054044026
0.6761947586078003 1.0400052469618044 1.1544207336616243
0.6738691772124514 1.0489134344128088 1.1480799457598285
0.6738691772124514 1.0592694295061071 1.115368528056001
0.6739197803310402 1.0592694295061071 1.1480799457598285
0.6656161213916624 1.1572082237719328 1.9778483130942595
0.6701440854999547 1.0755908527660911 1.0670794478283832
0.6760636380765003 1.0390200075013103 1.5387183234890494
0.6760636380765003 1.0439531720079354 1.2894401535984497
0.6760636380765003 1.0439531720079354 1.3183191232847333
0.6761947586078003 1.027322040873122 1.1778468631759016
0.6761287441139818 1.042832358616936 1.1353313148902817
0.6656161213916624 1.1185306070325929 1.759113471914482
0.6760636380765003 1.0269249610188493 1.362430429808694
0.6656161213916624 1.0462107288801619 1.6457716727884661
0.6656161213916624 1.1155391123138636 1.759691679823929
0.6782560365551787 1.0755908527660911 1.0614928432016282
0.6656161213916624 1.0462107288801619 1.735359857979243
0.6761947586078003 1.027322040873122 1.1625425364511572
0.6656161213916624 1.0634216692757201 1.6779269957249916
0.6739197803310402 1.0400052469618044 1.1480799457598285
0.6760636380765003 1.042832358616936 1.158856601017587
0.6760636380765003 1.020300271918263 1.6383885676795549
0.682200831067976 2.290290755218929 2.4550441428417904
0.6739197803310402 1.0592694295061071 1.1480799457598285
0.6761947586078003 1.027322040873122 1.162680283740726
0.6656161213916624 1.0621867040960218 2.289251417232147
0.6656161213916624 1.0291876839251082 1.6661978978538707
0.6656161213916624 1.1155391123138636 1.8347203693845875
0.6656161213916624 1.0621867040960218 2.289251417232147
0.6656161213916624 1.0803001507932273 2.209213861135437
0.6760636380765003 1.0081345493301472 1.3512945723476695
0.6760636380765003 1.042832358616936 1.1692249849530532
0.6760636380765003 1.0069262411128035 1.2816088571474216
0.6753790421327642 1.027322040873122 1.2006384141089208
0.6760636380765003 1.0559818784961559 1.3632713567360148
0.6761947586078003 1.027322040873122 1.1625425364511572
0.6760636380765003 1.0081345493301472 1.3579370437390454
0.6656161213916624 1.1185306070325929 1.7235160320208187
0.6829247471703269 2.3095861951546004 2.4872308836833867
0.6656161213916624 1.0291876839251082 1.5520362453740817
0.6675097951592354 1.005539223617557 1.6175431213765037
0.6761947586078003 1.027322040873122 1.166604776832045
0.6760636380765003 1.020300271918263 1.4066784490637998
0.6760636380765003 1.0257625214251431 1.2833243950967348
0.6807750063601556 1.085133099881696 1.0978221202858154
0.6656161213916624 1.1187041832911802 1.7555413086357115
0.6656161213916624 1.0761493342500819 1.8047130139153607
0.6761947586078003 1.027322040873122 1.1625425364511572
0.6656161213916624 1.196327682166256 2.106673421327288
0.6760636380765003 1.020300271918263 1.5812098236254704
0.6746247732895735 1.095599705563927 1.0743547089962076
0.6753790421327642 1.027322040873122 1.2113274154138007
0.6656161213916624 1.0291876839251082 1.6661978978538707
0.6807750063601556 1.085133099881696 1.059744885565019
0.6656161213916624 1.1212028635291595 2.1632230993039228
0.6824727807953708 1.0978549795935006 1.1000850526101444
0.6656161213916624 1.0462107288801619 1.541312741007746
0.6761947586078003 1.0400052469618044 1.162680283740726
0.6656161213916624 1.0462107288801619 1.6957623871535914
0.6760636380765003 1.0390200075013103 1.5387183234890494
0.6656161213916624 1.1350965685796885 1.9209535335607655
0.6760636380765003 1.0257625214251431 1.270803688086849
0.6739197803310402 1.0400052469618044 1.1480799457598285
0.6558514600035185 1.0383955800482605 0.9154662838516454
0.6656161213916624 1.0291876839251082 1.5282189522087957
0.6760636380765003 1.0081345493301472 1.304176269288085
0.6760636380765003 1.042832358616936 1.2974943910120667
0.6761947586078003 1.027322040873122 1.1568888373389903
0.6794836273575052 1.0660900479165507 1.1621023456597805
0.6656161213916624 1.0462107288801619 1.6970282615772183
0.6656161213916624 1.0462107288801619 1.6957623871535914
0.6656161213916624 1.0754331536954709 2.2122848666656614
0.6721820014999554 1.0464016971530474 1.1480799457598285
0.6761947586078003 1.0400052469618044 1.1659090818283357
0.6656161213916624 1.0462107288801619 1.5518528652431114
0.6656161213916624 1.1122675948437297 1.7866433475653916
0.6656161213916624 1.0556470686113901 2.1862224590756205
0.6761287441139818 1.0647294491672763 1.4439787070628922
0.6656161213916624 1.0462107288801619 1.6957623871535914
0.6761947586078003 1.027322040873122 1.1694834102687233
0.6761287441139818 1.0400052469618044 1.1454706731558288
0.6656161213916624 1.1185306070325929 1.759113471914482
0.6794836273575052 1.0660900479165507 1.1621023456597805
0.6760636380765003 1.0439531720079354 1.283681991550301
0.6760636380765003 1.020300271918263 1.4066784490637998
0.6739197803310402 1.0489134344128088 1.1454706731558288
0.6753790421327642 1.027322040873122 1.2113274154138007
0.6760636380765003 1.020300271918263 1.4842983094233573
0.6656161213916624 1.1069918590180206 2.2482535490975692
0.6656161213916624 1.0462107288801619 1.6970282615772183
0.6656161213916624 1.0803001507932273 2.209213861135437
0.6656161213916624 1.1369010862532445 1.8493410146680924
0.6675097951592354 0.9895291863138169 1.6031538780898835
0.6760636380765003 1.0501984898415018 1.616660718621404
0.6760636380765003 1.020300271918263 1.529301739579949
0.6656161213916624 1.1210765311154651 1.7377475783801235
0.6761947586078003 1.0257625214251431 1.2113274154138007
0.6753790421327642 1.027322040873122 1.2006384141089208
0.6739197803310402 1.0592694295061071 1.1194118636480481
0.6760636380765003 1.0081345493301472 1.5845996145977328
0.6760636380765003 1.0269249610188493 1.362430429808694
0.6656161213916624 1.0291876839251082 1.7189710994011587
0.6656161213916624 1.064278787666459 1.8959999355081911
0.6656161213916624 1.0971118622421003 1.966143691633363
0.6760636380765003 1.020300271918263 1.529301739579949
0.6656161213916624 1.0430607696728817 2.194285068882148
0.6761287441139818 1.0400052469618044 1.1454706731558288
0.6760636380765003 1.020300271918263 1.4777596895709812
0.6760636380765003 1.0269249610188493 1.362430429808694
0.6656161213916624 1.0462107288801619 1.6701038486923472
0.6656161213916624 1.1162326637739808 2.100895765377483
0.6761947586078003 1.027322040873122 1.1636077916831973
0.6760636380765003 1.020300271918263 1.4698510772934756
0.6558514600035185 1.003818475746041 0.9827980257498015
0.6760636380765003 1.0439531720079354 1.3183191232847333
0.6701440854999547 1.095599705563927 1.0695212772284481
0.6760636380765003 1.042832358616936 1.2678330248365872
0.6656161213916624 1.0754331536954709 2.2122848666656614
0.6656161213916624 1.1155391123138636 1.759691679823929
0.6760636380765003 1.020300271918263 1.529301739579949
0.6794836273575052 1.0660900479165507 1.1621023456597805
0.6761947586078003 1.027322040873122 1.1625425364511572
0.6656161213916624 1.1212028635291595 2.1632230993039228
0.6760636380765003 1.042832358616936 1.2678330248365872
0.6760636380765003 1.020300271918263 1.584074596707929
0.6760636380765003 1.0081345493301472 1.5845996145977328
0.6760636380765003 1.0269249610188493 1.362430429808694
0.6656161213916624 1.0462107288801619 1.735359857979243
0.6675097951592354 0.99956218441791 1.5930818892779117
0.6761947586078003 1.027322040873122 1.1625425364511572
0.6760636380765003 1.027322040873122 1.2339416597415487
0.6760636380765003 1.0302873524108958 1.607632306390034
0.6760636380765003 1.020300271918263 1.5953748718909537
0.6675097951592354 0.99956218441791 1.5930818892779117
0.6760636380765003 1.0081345493301472 1.304176269288085
0.6760636380765003 1.020300271918263 1.4698510772934756
0.6738691772124514 1.0592694295061071 1.115368528056001
0.6782560365551787 1.0755908527660911 1.0510174625820883
0.6656161213916624 1.1122675948437297 1.7783094210770007
0.6760636380765003 1.0439531720079354 1.3183191232847333
0.6753790421327642 1.027322040873122 1.2113274154138007
0.6675097951592354 0.99956218441791 1.5930818892779117
0.6760636380765003 1.0081345493301472 1.304176269288085
0.6760636380765003 1.0439531720079354 1.3028330107413066
0.6656161213916624 1.1185306070325929 1.759113471914482
0.6760636380765003 1.020300271918263 1.6421397181593405
0.6761287441139818 1.0257625214251431 1.166604776832045
0.6656161213916624 1.0971118622421003 1.966143691633363
0.6656161213916624 1.0967911962877552 1.900923307490349
0.6656161213916624 1.0860605915217691 1.913540036646653
0.6656161213916624 1.0634216692757201 1.6779269957249916
0.6760636380765003 1.020300271918263 1.4066784490637998
0.6675097951592354 0.9895291863138169 1.6031538780898835
0.6761947586078003 1.027322040873122 1.1654604830384123
0.6656161213916624 1.0634216692757201 1.6779269957249916
0.6760636380765003 1.020300271918263 1.5252024825062982
0.6656161213916624 1.0462107288801619 1.5518528652431114
0.6753790421327642 1.0647294491672763 1.2334217893865673
0.6760636380765003 1.0439531720079354 1.3183191232847333
0.6760636380765003 1.020300271918263 1.5252024825062982
0.6656161213916624 1.196327682166256 2.106673421327288
0.6761287441139818 1.042832358616936 1.1353313148902817
0.6656161213916624 1.0291876839251082 1.6064569304685663
0.6761947586078003 1.0400052469618044 1.166474695679235
0.6761947586078003 1.0257625214251431 1.2113274154138007
0.6760636380765003 1.0257625214251431 1.2508365070413858
0.6656161213916624 1.0971118622421003 1.966143691633363
0.6760636380765003 1.0257625214251431 1.2833243950967348
0.6656161213916624 1.0291876839251082 1.5282189522087957
0.6656161213916624 1.0754331536954709 2.2122848666656614
0.6760636380765003 1.0069262411128035 1.2816088571474216
0.6761947586078003 1.0647294491672763 1.209664804074093
0.6656161213916624 1.1187041832911802 1.7555413086357115
0.6761287441139818 1.0257625214251431 1.166604776832045
0.6656161213916624 1.0291876839251082 1.5520362453740817
0.6656161213916624 1.064278787666459 1.8959999355081911
0.6656161213916624 1.0761493342500819 1.8047130139153607
0.6760636380765003 1.020300271918263 1.4842983094233573
0.6664768164320394 1.0755908527660911 1.0610365520451193
0.6656161213916624 1.085074013959861 1.8034190532159222
0.6782560365551787 1.0755908527660911 1.0617899710503451
0.6738691772124514 1.0592694295061071 1.1128220245672886
0.6760636380765003 1.0269249610188493 1.362430429808694
0.6760636380765003 1.027322040873122 1.2339416597415487
0.6753790421327642 1.027322040873122 1.2113274154138007
0.6656161213916624 1.0462107288801619 1.5518528652431114
0.6760636380765003 1.0390200075013103 1.5387183234890494
0.6656161213916624 1.0890632632664903 2.1122034881085052
0.6760636380765003 1.0257625214251431 1.2833243950967348
0.6656161213916624 1.1155391123138636 1.8347203693845875
0.6782560365551787 1.0755908527660911 1.0685884606317582
0.6782560365551787 1.0755908527660911 1.0510174625820883
0.6760636380765003 1.0269249610188493 1.362430429808694
0.6656161213916624 1.0890632632664903 2.1717305451630438
0.6738691772124514 1.0592694295061071 1.115368528056001
0.6761287441139818 1.0647294491672763 1.4439787070628922
0.6760636380765003 1.020300271918263 1.4066784490637998
0.6656161213916624 1.087740457229445 1.830496538357632
0.6656161213916624 1.0890632632664903 2.0648231735938274
0.6739197803310402 1.0592694295061071 1.1480799457598285
0.6761947586078003 1.027322040873122 1.1688826811600632
0.6656161213916624 1.127378367358545 1.7764951729199878
0.6760636380765003 1.0302873524108958 1.607632306390034
0.6760636380765003 1.0439531720079354 1.283681991550301
0.6656161213916624 1.127378367358545 1.7764951729199878
0.6761287441139818 1.042832358616936 1.1353313148902817
0.6656161213916624 1.1354526878076867 1.7529258354038044
0.6656161213916624 1.085074013959861 1.8034190532159222
0.6760636380765003 1.020300271918263 1.6383885676795549
0.6656161213916624 1.0971118622421003 1.966143691633363
0.6656161213916624 1.1033423227204568 1.6988662287922465
0.6721434327248975 1.0464016971530474 1.101611198635865
0.6760636380765003 1.020300271918263 1.5422665120529753
0.6656161213916624 1.1185306070325929 1.759113471914482
0.6656161213916624 1.085784433831228 2.296667657240658
0.6761947586078003 1.027322040873122 1.162680283740726
0.6753189567847222 1.0647294491672763 1.2256412967317272
0.6761947586078003 1.027322040873122 1.1568888373389903
0.6656161213916624 1.1210765311154651 1.7377475783801235
0.6761287441139818 1.0400052469618044 1.1454706731558288
0.6761947586078003 1.027322040873122 1.166604776832045
0.6753790421327642 1.027322040873122 1.2006384141089208
0.6760636380765003 1.0269249610188493 1.362430429808694
0.6761947586078003 1.027322040873122 1.1625425364511572
0.6761947586078003 1.0257625214251431 1.1551240657308381
0.6761287441139818 1.0400052469618044 1.1454706731558288
0.6807750063601556 1.085133099881696 1.0978221202858154
0.6807750063601556 1.085133099881696 1.0690521872970777
0.6807750063601556 1.085133099881696 1.0690521872970777
0.6675097951592354 1.0197746866403887 1.577893023019367
0.6760636380765003 1.0439531720079354 1.3183191232847333
0.6761947586078003 1.027322040873122 1.1778468631759016
0.6760636380765003 1.020300271918263 1.4946217488572313
0.6656161213916624 1.0462107288801619 1.6957623871535914
0.6760636380765003 1.0069262411128035 1.2816088571474216
0.675845358784101 1.942795599422626 2.3565909856163265
0.6656161213916624 1.1415929433829934 1.8132656935318532
0.6656161213916624 1.0291876839251082 1.6661978978538707
0.6782560365551787 1.0755908527660911 1.0660366242875439
0.6760636380765003 1.0257625214251431 1.222141763065496
0.6760636380765003 1.0257625214251431 1.222141763065496
0.6760636380765003 1.0439531720079354 1.2894401535984497
0.6760636380765003 1.020300271918263 1.4946217488572313
0.6760636380765003 1.0439531720079354 1.3028330107413066
0.6656161213916624 1.1210765311154651 1.7377475783801235
0.6656161213916624 1.1122675948437297 1.7783094210770007
0.6760636380765003 1.020300271918263 1.5252024825062982
0.6760636380765003 1.020300271918263 1.529301739579949
0.6760636380765003 1.020300271918263 1.4946217488572313
0.6760636380765003 1.020300271918263 1.4842983094233573
0.6701440854999547 1.095599705563927 1.0695212772284481
0.6656161213916624 1.0935275004382623 2.0528751836319747
0.6610078264607868 1.1650189588404765 2.245794609197574
0.6760636380765003 1.045629571740936 1.4114258604012964
0.6761947586078003 1.027322040873122 1.1694834102687233
0.6760636380765003 1.0257625214251431 1.2508365070413858
0.6656161213916624 1.064278787666459 1.8959999355081911
0.6760636380765003 1.020300271918263 1.5422665120529753
0.6761947586078003 1.027322040873122 1.1544207336616243
0.6656161213916624 1.127378367358545 1.7764951729199878
0.6656161213916624 1.0462107288801619 1.6701038486923472
0.6760636380765003 1.020300271918263 1.6383885676795549
0.6656161213916624 1.0462107288801619 1.5526618522451263
0.6760636380765003 1.0257625214251431 1.2833243950967348
0.6760636380765003 1.0439531720079354 1.283681991550301
0.6753790421327642 1.027322040873122 1.2113274154138007
0.6760636380765003 1.0269249610188493 1.3223803266206804
0.6656161213916624 1.0462107288801619 1.6701038486923472
0.6761947586078003 1.0257625214251431 1.2113274154138007
0.675845358784101 1.942795599422626 2.5308611561383016
0.6753790421327642 1.0647294491672763 1.2334217893865673
0.6760636380765003 1.0559818784961559 1.3632713567360148
0.6760636380765003 1.0081345493301472 1.5845996145977328
0.6746247732895735 1.0755908527660911 1.060092287649321
0.6656161213916624 1.0890632632664903 2.296232820604661
0.6760636380765003 1.020300271918263 1.5245027037802563
0.6656161213916624 1.1155391123138636 1.8347203693845875
0.6760636380765003 1.0081345493301472 1.3636065028257325
0.6760636380765003 1.042832358616936 1.3001258765434411
0.6761947586078003 1.0400052469618044 1.1659090818283357
0.6656161213916624 1.0462107288801619 1.6970282615772183
0.6760636380765003 1.020300271918263 1.6421397181593405
0.6760636380765003 1.0439531720079354 1.2894401535984497
0.6772317558869491 1.074859422209918 1.1480799457598285
0.6760636380765003 1.0269249610188493 1.362430429808694
0.6761947586078003 1.027322040873122 1.1625425364511572
0.6782560365551787 1.0755908527660911 1.0537312159148693
0.6721434327248975 1.0464016971530474 1.1194118636480481
0.6760636380765003 1.020300271918263 1.529301739579949
0.6807750063601556 1.085133099881696 1.0690521872970777
0.6738691772124514 1.0489134344128088 1.1480799457598285
0.6771580459621563 1.085133099881696 1.115368528056001
0.6760636380765003 1.0257625214251431 1.270803688086849
0.6664768164320394 1.0755908527660911 1.0610365520451193
0.6761947586078003 1.0400052469618044 1.1638236168254186
0.6761947586078003 1.027322040873122 1.1625425364511572
0.6656161213916624 1.0462107288801619 1.6457716727884661
0.6675097951592354 0.9895291863138169 1.6031538780898835
0.6675097951592354 0.99956218441791 1.5930818892779117
0.6760636380765003 1.0559818784961559 1.3632713567360148
0.6760636380765003 1.0559818784961559 1.3632713567360148
0.6701440854999547 1.0755908527660911 1.0708767901512088
0.6760636380765003 1.0081345493301472 1.3579370437390454
0.6656161213916624 1.0462107288801619 1.5855093540495706
0.6761947586078003 1.027322040873122 1.1625425364511572
0.6656161213916624 1.0462107288801619 1.6970282615772183
0.6770282341343358 0.9770816966634503 0.9827980257498015
0.6558514600035185 1.003818475746041 0.9827980257498015
0.6664768164320394 1.095599705563927 1.067785226352816
0.6760636380765003 1.020300271918263 1.6383885676795549
0.6761947586078003 1.0647294491672763 1.209664804074093
0.6760636380765003 1.0269249610188493 1.362430429808694
0.6761947586078003 1.027322040873122 1.1694834102687233
0.6656161213916624 1.0291876839251082 1.7189710994011587
0.6761947586078003 1.0647294491672763 1.209664804074093
0.6656161213916624 1.0291876839251082 1.5520362453740817
0.6760636380765003 1.020300271918263 1.584074596707929
0.6656161213916624 1.1572082237719328 1.9778483130942595
0.6656161213916624 1.1122675948437297 1.7783094210770007
0.6656161213916624 1.1090607528572323 1.814839008844101
0.6656161213916624 1.0324126147749624 1.5591701540163843
0.6656161213916624 1.1210765311154651 1.7377475783801235
0.6656161213916624 1.1187041832911802 1.7555413086357115
0.6656161213916624 1.1199290562367383 1.851334868141442
0.6753790421327642 1.027322040873122 1.2006384141089208
0.6760636380765003 1.020300271918263 1.5953748718909537
0.6656161213916624 1.1185306070325929 1.7235160320208187
0.6701440854999547 1.0755908527660911 1.0670794478283832
0.6656161213916624 1.0462107288801619 1.5518528652431114
0.6761947586078003 1.027322040873122 1.1568888373389903
0.6772317558869491 1.074859422209918 1.1480799457598285
0.6656161213916624 1.0860605915217691 1.913540036646653
0.6656161213916624 1.1185306070325929 1.759113471914482
0.6760636380765003 1.020300271918263 1.4842983094233573
0.6656161213916624 1.1497218291684974 1.8747408501549752
0.6675097951592354 0.99956218441791 1.5930818892779117
0.6760636380765003 1.020300271918263 1.4777596895709812
0.6760636380765003 1.0081345493301472 1.5845996145977328
0.6647233091341069 1.090260942893509 1.0507001091558053
0.6656161213916624 1.0971118622421003 1.966143691633363
0.6760636380765003 1.020300271918263 1.5422665120529753
0.6753790421327642 1.027322040873122 1.2006384141089208
0.6760636380765003 1.0257625214251431 1.270803688086849
0.6760636380765003 1.0257625214251431 1.2508365070413858
0.6656161213916624 1.0462107288801619 1.5518528652431114
0.6656161213916624 1.0291876839251082 1.7189710994011587
0.6760636380765003 1.0559818784961559 1.3632713567360148
0.6782560365551787 1.0755908527660911 1.0660366242875439
0.6780439165850397 1.08936962820119 1.0744950999767227
0.6760636380765003 1.020300271918263 1.4777596895709812
0.6656161213916624 1.0761493342500819 1.8047130139153607
0.6761287441139818 1.0647294491672763 1.4439787070628922
0.6760636380765003 1.0439531720079354 1.3183191232847333
0.6647233091341069 1.0574296935713874 1.0726144262578974
0.6761947586078003 1.027322040873122 1.1568888373389903
0.6761947586078003 1.0400052469618044 1.1544207336616243
0.6656161213916624 1.085074013959861 1.8034190532159222
0.6760636380765003 1.0081345493301472 1.3579370437390454
0.6761287441139818 1.0400052469618044 1.1454706731558288
0.6760636380765003 1.042832358616936 1.1692249849530532
0.6656161213916624 1.0291876839251082 1.6064569304685663
0.6760636380765003 1.020300271918263 1.6421397181593405
0.6760636380765003 1.020300271918263 1.5953748718909537
0.6760636380765003 1.027322040873122 1.2339416597415487
0.6780439165850397 1.08936962820119 1.0744950999767227
0.6675097951592354 0.99956218441791 1.5930818892779117
0.6656161213916624 1.0291876839251082 1.6064569304685663
0.6656161213916624 1.0865127638209011 2.249433714550435
0.6782560365551787 1.0755908527660911 1.0537312159148693
0.6760636380765003 1.042832358616936 1.2974943910120667
0.6760636380765003 1.020300271918263 1.5812098236254704
0.6761947586078003 1.0772696624986202 1.162680283740726
0.6760636380765003 1.020300271918263 1.5252024825062982
0.6782560365551787 1.0755908527660911 1.0537312159148693
0.6739197803310402 1.0592694295061071 1.1480799457598285
0.6760636380765003 1.0257625214251431 1.2508365070413858
0.6760636380765003 1.0257625214251431 1.2833243950967348
0.6739197803310402 1.0489134344128088 1.1293762900930644
0.6760636380765003 1.020300271918263 1.5812098236254704
0.6782560365551787 1.0755908527660911 1.0537312159148693
0.6753790421327642 1.027322040873122 1.2113274154138007
0.6760636380765003 1.042832358616936 1.3001258765434411
0.6760636380765003 1.042832358616936 1.2974943910120667
0.6760636380765003 1.042832358616936 1.2718208361354644
0.6760636380765003 1.020300271918263 1.5953748718909537
0.6739197803310402 1.0489134344128088 1.1454706731558288
0.6761287441139818 1.042832358616936 1.2108745445500522
0.6760636380765003 1.042832358616936 1.282198211392869
0.6760636380765003 1.020300271918263 1.5953748718909537
0.6656161213916624 1.087740457229445 1.830496538357632
0.6761947586078003 1.027322040873122 1.1694834102687233
0.6782560365551787 1.0755908527660911 1.0660366242875439
0.6761947586078003 1.027322040873122 1.1688826811600632
0.6656161213916624 1.0462107288801619 1.6457716727884661
0.6675097951592354 0.99956218441791 1.5591701540163843
0.6807750063601556 1.085133099881696 1.059744885565019
0.6656161213916624 1.1069918590180206 2.2482535490975692
0.6656161213916624 1.1415929433829934 1.8132656935318532
0.6558514600035185 1.003818475746041 0.9827980257498015
0.6656161213916624 1.1572082237719328 1.9778483130942595
0.6782560365551787 1.0755908527660911 1.0537312159148693
0.6760636380765003 1.0081345493301472 1.5845996145977328
0.6701440854999547 1.0755908527660911 1.0708767901512088
0.6656161213916624 1.1350965685796885 1.9209535335607655
0.6761287441139818 1.0400052469618044 1.1454706731558288
0.6656161213916624 1.0291876839251082 1.7189710994011587
0.6675097951592354 0.9895291863138169 1.6031538780898835
0.6807750063601556 1.085133099881696 1.059744885565019
0.6675097951592354 1.0197746866403887 1.577893023019367
0.6760636380765003 1.020300271918263 1.6383885676795549
0.6610078264607868 1.0803532326268581 2.1254582325789335
0.6760636380765003 1.0257625214251431 1.1710815300033068
0.6760636380765003 1.042832358616936 1.2718208361354644
0.6761947586078003 1.0257625214251431 1.2113274154138007
0.6760636380765003 1.0257625214251431 1.222141763065496
0.6753790421327642 1.027322040873122 1.2113274154138007
0.6760636380765003 1.0559818784961559 1.3632713567360148
0.6760636380765003 1.0269249610188493 1.5238184336826193
0.6760636380765003 1.042832358616936 1.3001258765434411
0.6761947586078003 1.027322040873122 1.162680283740726
0.6656161213916624 1.0291876839251082 1.5282189522087957
0.6760636380765003 1.020300271918263 1.5422665120529753
0.6701440854999547 1.0755908527660911 1.0708767901512088
0.6760636380765003 1.0257625214251431 1.331168007607271
0.6656161213916624 1.0291876839251082 1.5282189522087957
0.6760636380765003 1.020300271918263 1.4777596895709812
0.6760636380765003 1.0081345493301472 1.3512945723476695
0.6675097951592354 0.9895291863138169 1.6031538780898835
0.6656161213916624 1.085074013959861 1.8034190532159222
0.6760636380765003 1.0257625214251431 1.2833243950967348
0.6721434327248975 1.0464016971530474 1.1194118636480481
0.6656161213916624 1.1170400576747843 2.1052769971695264
0.6761287441139818 1.0647294491672763 1.4439787070628922
0.6656161213916624 1.0462107288801619 1.735359857979243
0.6656161213916624 1.1354526878076867 1.7529258354038044
0.6760636380765003 1.0257625214251431 1.270803688086849
0.6656161213916624 1.0462107288801619 1.6701038486923472
0.6760636380765003 1.0257625214251431 1.2508365070413858
0.6656161213916624 1.1155391123138636 1.8347203693845875
0.6760636380765003 1.0257625214251431 1.331168007607271
0.6761947586078003 1.027322040873122 1.1636077916831973
0.6760636380765003 1.0081345493301472 1.3579370437390454
0.6701440854999547 1.0755908527660911 1.0661487609499505
0.6760636380765003 1.020300271918263 1.5953748718909537
0.6721434327248975 1.0464016971530474 1.1194118636480481
0.6805257447263168 2.2559204412281004 2.529102584658643
0.6761947586078003 1.0647294491672763 1.209664804074093
0.6760636380765003 1.0257625214251431 1.1710815300033068
0.6701440854999547 1.095599705563927 1.0695212772284481
0.6761947586078003 1.027322040873122 1.166604776832045
0.6761947586078003 1.027322040873122 1.1625425364511572
0.6760636380765003 1.0390200075013103 1.5387183234890494
0.6761947586078003 1.027322040873122 1.1539164896587233
0.6760636380765003 1.020300271918263 1.4698510772934756
0.6760636380765003 1.0439531720079354 1.2894401535984497
0.6760636380765003 1.0501984898415018 1.616660718621404
0.6656161213916624 1.0462107288801619 1.6701038486923472
0.6760636380765003 1.045629571740936 1.4114258604012964
0.6760636380765003 1.042832358616936 1.2155072290926432
0.6656161213916624 1.112204489419603 2.1759598611451194
0.6656161213916624 1.1081242046191508 1.7648433467122626
0.6761947586078003 1.0257625214251431 1.2113274154138007
0.6761947586078003 1.027322040873122 1.1544207336616243
0.6772317558869491 1.074859422209918 1.1480799457598285
0.6760636380765003 1.042832358616936 1.3001258765434411
0.6664754731520773 1.0675870341725746 1.0744950999767227
0.6760636380765003 1.020300271918263 1.4842983094233573
0.6656161213916624 1.112204489419603 2.1759598611451194
0.6760636380765003 1.0439531720079354 1.3183191232847333
0.6760636380765003 1.042832358616936 1.2678330248365872
0.6760636380765003 1.020300271918263 1.5252024825062982
0.6656161213916624 1.1170400576747843 2.1052769971695264
0.6761947586078003 1.0647294491672763 1.209664804074093
0.6656161213916624 1.0462107288801619 1.5855093540495706
0.6760636380765003 1.0257625214251431 1.1710815300033068
0.6656161213916624 1.0462107288801619 1.6957623871535914
0.6656161213916624 1.085784433831228 2.296667657240658
0.6760636380765003 1.0257625214251431 1.2833243950967348
0.6656161213916624 1.1199290562367383 1.851334868141442
0.6760636380765003 1.020300271918263 1.5245027037802563
0.6805257447263168 2.2559204412281004 2.529102584658643
0.6760636380765003 1.020300271918263 1.4698510772934756
0.6780439165850397 1.070009830264272 1.0706274780886036
0.6760636380765003 1.0269249610188493 1.3223803266206804
0.6760636380765003 1.042832358616936 1.2678330248365872
0.6739197803310402 1.0489134344128088 1.1454706731558288
0.6760636380765003 1.0257625214251431 1.270803688086849
0.6760636380765003 1.042832358616936 1.1692249849530532
0.6760636380765003 1.0269249610188493 1.362430429808694
0.6664768164320394 1.0755908527660911 1.0610365520451193
0.6656161213916624 1.0679809592675866 1.755340089998323
0.6760636380765003 1.0257625214251431 1.270803688086849
0.691462123129345 0.9770816966634503 0.9827980257498015
0.6656161213916624 1.1210765311154651 1.7393619389746753
0.6760636380765003 1.0501984898415018 1.616660718621404
0.6760636380765003 1.020300271918263 1.4842983094233573
0.6656161213916624 1.0462107288801619 1.5518528652431114
0.6656161213916624 1.0291876839251082 1.6661978978538707
0.6656161213916624 1.127378367358545 1.7764951729199878
0.6656161213916624 1.0971118622421003 1.966143691633363
0.6761947586078003 1.027322040873122 1.1625425364511572
0.6807750063601556 1.085133099881696 1.0648776961446893
0.6761947586078003 1.027322040873122 1.1688826811600632
0.6656161213916624 1.0971118622421003 1.966143691633363
0.6656161213916624 1.0462107288801619 1.7083302313050834
0.6760636380765003 1.0439531720079354 1.283681991550301
0.6761947586078003 1.027322040873122 1.1688826811600632
0.6760636380765003 1.020300271918263 1.6421397181593405
0.6656161213916624 1.0761493342500819 1.8047130139153607
0.6761287441139818 1.0400052469618044 1.1454706731558288
0.6761947586078003 1.027322040873122 1.1694834102687233
0.6753790421327642 1.0647294491672763 1.2334217893865673
0.6675097951592354 0.99956218441791 1.5591701540163843
0.6656161213916624 1.1170400576747843 2.1052769971695264
0.6738691772124514 1.0592694295061071 1.1128220245672886
0.6760636380765003 1.020300271918263 1.4842983094233573
0.6739197803310402 1.0592694295061071 1.147743400428556
0.6656161213916624 1.1162326637739808 2.100895765377483
0.6761947586078003 1.027322040873122 1.1544207336616243
0.6760636380765003 1.042832358616936 1.158856601017587
0.6656161213916624 1.1497218291684974 1.8747408501549752
0.6761947586078003 1.027322040873122 1.1778468631759016
0.6656161213916624 1.1210765311154651 1.7393619389746753
0.6760636380765003 1.0439531720079354 1.3183191232847333
0.6760636380765003 1.0302873524108958 1.607632306390034
0.6761947586078003 1.0772696624986202 1.162680283740726
0.6656161213916624 1.1572082237719328 1.9778483130942595
0.6656161213916624 1.0621867040960218 2.1421217518380433
0.6760636380765003 1.0269249610188493 1.362430429808694
0.6738691772124514 1.0400052469618044 1.1647495036225592
0.6760636380765003 1.0257625214251431 1.2508365070413858
0.6789897521764384 2.1137959422048387 2.93648147636324
0.6760636380765003 1.0269249610188493 1.5238184336826193
0.6753790421327642 1.0647294491672763 1.2334217893865673
0.6760636380765003 1.027322040873122 1.2339416597415487
0.6656161213916624 1.0860605915217691 1.913540036646653
0.6761947586078003 1.0257625214251431 1.2113274154138007
0.6675097951592354 1.005539223617557 1.6175431213765037
0.6656161213916624 1.0324126147749624 1.5591701540163843
0.6761947586078003 1.027322040873122 1.1625425364511572
0.6656161213916624 1.1185306070325929 1.759113471914482
0.6760636380765003 1.020300271918263 1.4698510772934756
0.6782560365551787 1.0755908527660911 1.0614928432016282
0.6761947586078003 1.0647294491672763 1.209664804074093
0.6782560365551787 1.0755908527660911 1.0614928432016282
0.6656161213916624 1.1572082237719328 1.9778483130942595
0.6761947586078003 1.027322040873122 1.1539164896587233
0.6656161213916624 1.0462107288801619 1.6957623871535914
0.6761947586078003 1.027322040873122 1.1800690853981237
0.6761947586078003 1.0647294491672763 1.209664804074093
0.6656161213916624 1.196327682166256 2.106673421327288
0.6675097951592354 0.9895291863138169 1.6031538780898835
0.6757804665499555 1.0464016971530474 1.1034875785790765
0.6656161213916624 1.127378367358545 1.7764951729199878
0.6760636380765003 1.0081345493301472 1.5845996145977328
0.6610078264607868 1.0932905692348196 2.1920313310621142
0.6656161213916624 1.0890632632664903 2.296232820604661
0.6656161213916624 1.1155391123138636 1.759691679823929
0.6656161213916624 1.0462107288801619 1.541312741007746
0.6656161213916624 1.1081242046191508 1.7648433467122626
0.6610078264607868 1.0932905692348196 2.2239347082222634
0.6739197803310402 1.0489134344128088 1.1293762900930644
0.6761947586078003 1.027322040873122 1.1625425364511572
0.6739197803310402 1.0592694295061071 1.147743400428556
0.6760636380765003 1.020300271918263 1.6383885676795549
0.6760636380765003 1.020300271918263 1.6383885676795549
0.6807750063601556 1.085133099881696 1.0648776961446893
0.6656161213916624 1.0462107288801619 1.5518528652431114
0.6760636380765003 1.042832358616936 1.158856601017587
0.6760636380765003 1.042832358616936 1.2974943910120667
0.6656161213916624 1.0462107288801619 1.541312741007746
0.6656161213916624 1.0291876839251082 1.6661978978538707
0.6760636380765003 1.020300271918263 1.5422665120529753
0.6761947586078003 1.027322040873122 1.1800690853981237
0.6656161213916624 1.0890632632664903 2.296232820604661
0.6675097951592354 0.99956218441791 1.5930818892779117
0.6760636380765003 1.042832358616936 1.2678330248365872
0.6760636380765003 1.0257625214251431 1.1710815300033068
0.6758444979308684 1.0464016971530474 1.115368528056001
0.6656161213916624 1.0291876839251082 1.7189710994011587
0.6761947586078003 1.0400052469618044 1.1621023456597805
0.6656161213916624 1.0634216692757201 1.6779269957249916
0.6760636380765003 1.042832358616936 1.2155072290926432
0.6656161213916624 1.0291876839251082 1.6661978978538707
0.6760636380765003 1.042832358616936 1.1692249849530532
0.6656161213916624 1.0890632632664903 2.0648231735938274
0.6760636380765003 1.0081345493301472 1.3512945723476695
0.6761947586078003 1.027322040873122 1.1539164896587233
0.6656161213916624 1.0860605915217691 1.913540036646653
0.6761947586078003 1.027322040873122 1.1625425364511572
0.6770282341343358 0.9770816966634503 0.9827980257498015
0.6656161213916624 1.1212028635291595 2.1632230993039228
0.6656161213916624 1.0462107288801619 1.735359857979243
0.6771580459621563 1.085133099881696 1.115368528056001
0.6760636380765003 1.042832358616936 1.2678330248365872
0.6807750063601556 1.085133099881696 1.0978221202858154
0.6761947586078003 1.0400052469618044 1.1621023456597805
0.6760636380765003 1.0257625214251431 1.2833243950967348
0.6664754731520773 1.0755908527660911 1.0741557145554164
0.6656161213916624 1.0634216692757201 1.6779269957249916
0.6753790421327642 1.027322040873122 1.2113274154138007
0.6760636380765003 1.020300271918263 1.4842983094233573
0.6656161213916624 1.1415929433829934 1.8132656935318532
0.6656161213916624 1.1090607528572323 1.814839008844101
0.6760636380765003 1.0390200075013103 1.5387183234890494
0.6656161213916624 1.0430607696728817 2.194285068882148
0.6761947586078003 1.027322040873122 1.166604776832045
0.6760636380765003 1.042832358616936 1.282198211392869
0.6656161213916624 1.0761493342500819 1.8047130139153607
0.6760636380765003 1.020300271918263 1.529301739579949
0.6656161213916624 1.0291876839251082 1.6064569304685663
0.6760636380765003 1.0501984898415018 1.616660718621404
0.6656161213916624 1.0860605915217691 1.913540036646653
0.6753790421327642 1.0647294491672763 1.2334217893865673
0.6760636380765003 1.0257625214251431 1.1710815300033068
0.6761947586078003 1.027322040873122 1.1544207336616243
0.6761287441139818 1.0257625214251431 1.166604776832045
0.6610078264607868 1.0932905692348196 2.1918024267305816
0.6656161213916624 1.1033423227204568 1.6988662287922465
0.6675097951592354 0.9895291863138169 1.6031538780898835
0.6650603406946817 1.934928679594204 2.4119657493979787
0.6760636380765003 1.0269249610188493 1.362430429808694
0.6760636380765003 1.020300271918263 1.4698510772934756
0.6675097951592354 0.99956218441791 1.5930818892779117
0.6656161213916624 1.1185306070325929 1.759113471914482
0.6738691772124514 1.0592694295061071 1.115368528056001
0.6760636380765003 1.042832358616936 1.2974943910120667
0.6675097951592354 0.99956218441791 1.5591701540163843
0.6656161213916624 1.0462107288801619 1.7083302313050834
0.6760636380765003 1.0439531720079354 1.283681991550301
0.6761947586078003 1.027322040873122 1.1539164896587233
0.6760636380765003 1.020300271918263 1.4777596895709812
0.6760636380765003 1.042832358616936 1.2974943910120667
0.6656161213916624 1.1033423227204568 1.6988662287922465
0.6656161213916624 1.0890632632664903 2.296232820604661
0.6656161213916624 1.112204489419603 2.1759598611451194
0.6761287441139818 1.0647294491672763 1.4439787070628922
0.6761947586078003 1.027322040873122 1.1694834102687233
0.6753790421327642 1.027322040873122 1.2006384141089208
0.6760636380765003 1.0559818784961559 1.3632713567360148
0.6760636380765003 1.027322040873122 1.2339416597415487
0.6760636380765003 1.020300271918263 1.4066784490637998
0.6760636380765003 1.020300271918263 1.6421397181593405
0.6760636380765003 1.020300271918263 1.4698510772934756
0.6760636380765003 1.0559818784961559 1.3632713567360148
0.6610078264607868 1.0932905692348196 2.2239347082222634
0.6656161213916624 1.1369010862532445 1.8493410146680924
0.6656161213916624 1.1199290562367383 1.851334868141442
0.6552878110317952 1.130825491644376 2.1036433347774723
0.6656161213916624 1.0291876839251082 1.6661978978538707
0.6806468428423087 2.3033788642031174 2.7950767018624827
0.6760636380765003 1.0081345493301472 1.3512945723476695
0.6760636380765003 1.042832358616936 1.3001258765434411
0.6656161213916624 1.1155391123138636 1.8347203693845875
0.6761947586078003 1.0647294491672763 1.209664804074093
0.6760636380765003 1.0559818784961559 1.3632713567360148
0.6760636380765003 1.0257625214251431 1.2833243950967348
0.6761947586078003 1.0400052469618044 1.1638236168254186
0.6761947586078003 1.027322040873122 1.162680283740726
0.6761287441139818 1.0400052469618044 1.1454706731558288
0.6656161213916624 1.0462107288801619 1.735359857979243
0.6675097951592354 0.9895291863138169 1.6031538780898835
0.6760636380765003 1.0439531720079354 1.2894401535984497
0.6761287441139818 1.0400052469618044 1.1454706731558288
0.6656161213916624 1.0462107288801619 1.6970282615772183
0.6760636380765003 1.042832358616936 1.2155072290926432
0.6761947586078003 1.0400052469618044 1.1621023456597805
0.6760636380765003 1.020300271918263 1.4066784490637998
0.6558514600035185 1.003818475746041 0.9827980257498015
0.6760636380765003 1.0559818784961559 1.3632713567360148
0.6760636380765003 1.020300271918263 1.5953748718909537
0.6782560365551787 1.0755908527660911 1.0614928432016282
0.6761947586078003 1.027322040873122 1.1800690853981237
0.6656161213916624 1.0860605915217691 1.913540036646653
0.6656161213916624 1.1069918590180206 2.2482535490975692
0.6656161213916624 1.1212028635291595 2.1632230993039228
0.6760636380765003 1.027322040873122 1.2339416597415487
0.6761287441139818 1.042832358616936 1.2108745445500522
0.6761287441139818 1.042832358616936 1.2108745445500522
0.6760636380765003 1.045629571740936 1.4114258604012964
0.6656161213916624 1.1155391123138636 1.8347203693845875
0.6807750063601556 1.085133099881696 1.098045458459984
0.6760636380765003 1.0257625214251431 1.270803688086849
0.6761287441139818 1.0257625214251431 1.166604776832045
0.6760636380765003 1.020300271918263 1.584074596707929
0.6760636380765003 1.020300271918263 1.6421397181593405
0.6656161213916624 1.0754331536954709 2.2122848666656614
0.6675097951592354 0.99956218441791 1.5930818892779117
0.6739197803310402 1.0400052469618044 1.1480799457598285
0.6558514600035185 1.003818475746041 0.9827980257498015
0.6760636380765003 1.0559818784961559 1.3632713567360148
0.6760636380765003 1.020300271918263 1.529301739579949
0.6656161213916624 1.0462107288801619 1.5518528652431114
0.6656161213916624 1.1497218291684974 1.8747408501549752
0.6760636380765003 1.042832358616936 1.2718208361354644
0.6807750063601556 1.085133099881696 1.1128220245672886
0.6664768164320394 1.095599705563927 1.067785226352816
0.6761947586078003 1.0257625214251431 1.2113274154138007
0.6558514600035185 1.0286077389904216 0.9827980257498015
0.6656161213916624 1.0462107288801619 1.541312741007746
0.6760636380765003 1.0302873524108958 1.607632306390034
0.6656161213916624 1.196327682166256 2.106673421327288
0.6761947586078003 1.027322040873122 1.1778468631759016
0.6760636380765003 1.0257625214251431 1.2833243950967348
0.6656161213916624 1.1185306070325929 1.7235160320208187
0.6760636380765003 1.0501984898415018 1.616660718621404
0.6761947586078003 1.027322040873122 1.162680283740726
0.6656161213916624 1.0462107288801619 1.541312741007746
0.6656161213916624 1.1354526878076867 1.7529258354038044
0.6656161213916624 1.0291876839251082 1.5520362453740817
0.6675097951592354 0.9895291863138169 1.6031538780898835
0.6656161213916624 1.1350965685796885 1.9209535335607655
0.6761947586078003 1.027322040873122 1.166604776832045
0.6675097951592354 0.99956218441791 1.5591701540163843
0.6761947586078003 1.027322040873122 1.1778468631759016
0.6656161213916624 1.0462107288801619 1.541312741007746
0.6761947586078003 1.027322040873122 1.1800690853981237
0.6656161213916624 1.1081242046191508 1.7648433467122626
0.6738691772124514 1.0489134344128088 1.1480799457598285
0.6650603406946817 1.934928679594204 2.4119657493979787
0.6656161213916624 1.1415929433829934 1.8132656935318532
0.6794836273575052 1.0660900479165507 1.1621023456597805
0.6760636380765003 1.042832358616936 1.2974943910120667
0.6780439165850397 1.08936962820119 1.0744950999767227
0.6760636380765003 1.020300271918263 1.4842983094233573
0.6761947586078003 1.027322040873122 1.1654604830384123
0.6761947586078003 1.027322040873122 1.1625425364511572
0.6760636380765003 1.020300271918263 1.5812098236254704
0.6761947586078003 1.027322040873122 1.1800690853981237
0.6760636380765003 1.020300271918263 1.584074596707929
0.6761287441139818 1.042832358616936 1.1353313148902817
0.6760636380765003 1.0257625214251431 1.2508365070413858
0.6656161213916624 1.0679809592675866 1.755340089998323
0.6656161213916624 1.0754331536954709 2.2122848666656614
0.6656161213916624 1.0621867040960218 2.289251417232147
0.6656161213916624 1.0462107288801619 1.5526618522451263
0.6760636380765003 1.020300271918263 1.6383885676795549
0.6761287441139818 1.0400052469618044 1.1454706731558288
0.6760636380765003 1.042832358616936 1.2718208361354644
0.6675097951592354 0.99956218441791 1.5591701540163843
0.6656161213916624 1.196327682166256 2.106673421327288
0.6656161213916624 1.1199290562367383 1.851334868141442
0.6656161213916624 1.112204489419603 2.1759598611451194
0.6760636380765003 1.0257625214251431 1.331168007607271
0.6656161213916624 1.0462107288801619 1.6701038486923472
0.6761947586078003 1.0400052469618044 1.162680283740726
0.6760636380765003 1.027322040873122 1.2339416597415487
0.6738691772124514 1.0592694295061071 1.115368528056001
0.6656161213916624 1.0291876839251082 1.6661978978538707
0.6656161213916624 1.1162326637739808 2.100895765377483
0.6738691772124514 1.0400052469618044 1.1647495036225592
0.6761947586078003 1.027322040873122 1.1694834102687233
0.6739197803310402 1.0489134344128088 1.1454706731558288
0.6760636380765003 1.020300271918263 1.5953748718909537
0.6760636380765003 1.020300271918263 1.584074596707929
0.6656161213916624 1.0462107288801619 1.6957623871535914
0.6760636380765003 1.020300271918263 1.6383885676795549
0.6753790421327642 1.0647294491672763 1.2334217893865673
0.6656161213916624 1.0462107288801619 1.5518528652431114
0.6733599053264171 0.9578684967552231 1.0480637239670927
0.6757804665499555 1.0464016971530474 1.1034875785790765
0.6760636380765003 1.0081345493301472 1.5845996145977328
0.6656161213916624 1.0291876839251082 1.7189710994011587
0.6656161213916624 1.0462107288801619 1.5518528652431114
0.6675097951592354 1.0197746866403887 1.577893023019367
0.6610078264607868 1.0803532326268581 2.1254582325789335
0.6760636380765003 1.0269249610188493 1.362430429808694
0.6656161213916624 1.087740457229445 1.830496538357632
0.6807750063601556 1.085133099881696 1.1128220245672886
